Voltage U1	Corriente IA
U1/V	IA/nA

0.02	0.09
0.04	0.09
0.07	0.11
0.09	0.11
0.12	0.11
0.14	0.11
0.17	0.13
0.19	0.13
0.21	0.13
0.24	0.15
0.26	0.14
0.29	0.14
0.31	0.16
0.34	0.16
0.36	0.16
0.39	0.17
0.41	0.16
0.43	0.16
0.46	0.16
0.48	0.17
0.51	0.16
0.53	0.16
0.56	0.17
0.58	0.16
0.61	0.16
0.63	0.18
0.65	0.16
0.68	0.16
0.70	0.16
0.73	0.15
0.75	0.15
0.78	0.15
0.80	0.17
0.83	0.15
0.85	0.15
0.87	0.18
0.90	0.16
0.92	0.16
0.95	0.17
0.97	0.15
1.00	0.15
1.02	0.16
1.05	0.16
1.07	0.15
1.09	0.15
1.12	0.18
1.14	0.16
1.17	0.16
1.19	0.18
1.22	0.16
1.24	0.16
1.26	0.17
1.29	0.15
1.31	0.15
1.34	0.15
1.36	0.16
1.39	0.15
1.41	0.15
1.44	0.17
1.46	0.15
1.48	0.15
1.51	0.17
1.53	0.14
1.56	0.14
1.58	0.15
1.61	0.15
1.63	0.15
1.66	0.15
1.68	0.16
1.70	0.15
1.73	0.15
1.75	0.17
1.78	0.15
1.80	0.15
1.83	0.16
1.85	0.15
1.88	0.15
1.90	0.15
1.92	0.16
1.95	0.15
1.97	0.15
2.00	0.17
2.02	0.15
2.05	0.15
2.07	0.17
2.10	0.15
2.12	0.15
2.14	0.17
2.17	0.15
2.19	0.15
2.22	0.17
2.24	0.17
2.27	0.15
2.29	0.18
2.31	0.18
2.34	0.16
2.36	0.17
2.39	0.17
2.41	0.15
2.44	0.15
2.46	0.17
2.49	0.15
2.51	0.15
2.53	0.18
2.56	0.17
2.58	0.16
2.61	0.18
2.63	0.18
2.66	0.17
2.68	0.17
2.71	0.18
2.73	0.16
2.75	0.16
2.78	0.18
2.80	0.16
2.83	0.16
2.85	0.18
2.88	0.16
2.90	0.16
2.93	0.18
2.95	0.15
2.97	0.15
3.00	0.16
3.02	0.16
3.05	0.16
3.07	0.16
3.10	0.18
3.12	0.16
3.15	0.16
3.17	0.19
3.19	0.16
3.22	0.16
3.24	0.17
3.27	0.16
3.29	0.16
3.32	0.16
3.34	0.17
3.36	0.16
3.39	0.16
3.41	0.18
3.44	0.16
3.46	0.16
3.49	0.18
3.51	0.16
3.54	0.16
3.56	0.17
3.58	0.16
3.61	0.16
3.63	0.16
3.66	0.17
3.68	0.16
3.71	0.16
3.73	0.18
3.76	0.16
3.78	0.16
3.80	0.17
3.83	0.15
3.85	0.15
3.88	0.16
3.90	0.16
3.93	0.15
3.95	0.15
3.98	0.17
4.00	0.16
4.02	0.16
4.05	0.18
4.07	0.16
4.10	0.16
4.12	0.17
4.15	0.16
4.17	0.16
4.20	0.16
4.22	0.17
4.24	0.16
4.27	0.16
4.29	0.18
4.32	0.16
4.34	0.16
4.37	0.18
4.39	0.16
4.42	0.16
4.44	0.16
4.46	0.16
4.49	0.16
4.51	0.16
4.54	0.18
4.56	0.17
4.59	0.17
4.61	0.17
4.63	0.14
4.66	0.15
4.68	0.16
4.71	0.14
4.73	0.14
4.76	0.16
4.78	0.15
4.81	0.14
4.83	0.16
4.85	0.16
4.88	0.15
4.90	0.16
4.93	0.16
4.95	0.14
4.98	0.14
5.00	0.16
5.03	0.14
5.05	0.14
5.07	0.16
5.10	0.15
5.12	0.14
5.15	0.16
5.17	0.16
5.20	0.14
5.22	0.15
5.25	0.15
5.27	0.15
5.29	0.16
5.32	0.16
5.34	0.15
5.37	0.15
5.39	0.17
5.42	0.16
5.44	0.16
5.47	0.17
5.49	0.15
5.51	0.15
5.54	0.16
5.56	0.16
5.59	0.15
5.61	0.15
5.64	0.17
5.66	0.16
5.68	0.16
5.71	0.18
5.73	0.16
5.76	0.16
5.78	0.17
5.81	0.15
5.83	0.15
5.86	0.16
5.88	0.16
5.90	0.15
5.93	0.15
5.95	0.18
5.98	0.16
6.00	0.16
6.03	0.18
6.05	0.16
6.08	0.16
6.10	0.17
6.12	0.16
6.15	0.16
6.17	0.16
6.20	0.17
6.22	0.16
6.25	0.16
6.27	0.19
6.30	0.16
6.32	0.16
6.34	0.18
6.37	0.16
6.39	0.16
6.42	0.16
6.44	0.16
6.47	0.16
6.49	0.16
6.52	0.17
6.54	0.16
6.56	0.16
6.59	0.18
6.61	0.16
6.64	0.16
6.66	0.17
6.69	0.16
6.71	0.16
6.73	0.16
6.76	0.17
6.78	0.16
6.81	0.16
6.83	0.18
6.86	0.16
6.88	0.16
6.91	0.18
6.93	0.15
6.95	0.15
6.98	0.16
7.00	0.16
7.03	0.16
7.05	0.18
7.08	0.17
7.10	0.16
7.13	0.18
7.15	0.18
7.17	0.16
7.20	0.17
7.22	0.18
7.25	0.16
7.27	0.16
7.30	0.18
7.32	0.16
7.35	0.16
7.37	0.18
7.39	0.18
7.42	0.16
7.44	0.18
7.47	0.18
7.49	0.16
7.52	0.16
7.54	0.17
7.57	0.16
7.59	0.16
7.61	0.18
7.64	0.17
7.66	0.16
7.69	0.18
7.71	0.16
7.74	0.16
7.76	0.18
7.78	0.16
7.81	0.16
7.83	0.16
7.86	0.17
7.88	0.16
7.91	0.16
7.93	0.19
7.96	0.17
7.98	0.17
8.00	0.19
8.03	0.17
8.05	0.17
8.08	0.18
8.10	0.17
8.13	0.17
8.15	0.17
8.18	0.18
8.20	0.17
8.22	0.17
8.25	0.19
8.27	0.17
8.30	0.17
8.32	0.19
8.35	0.17
8.37	0.17
8.40	0.17
8.42	0.17
8.44	0.17
8.47	0.17
8.49	0.18
8.52	0.17
8.54	0.17
8.57	0.19
8.59	0.17
8.62	0.17
8.64	0.18
8.66	0.17
8.69	0.17
8.71	0.17
8.74	0.17
8.76	0.16
8.79	0.16
8.81	0.19
8.84	0.17
8.86	0.17
8.88	0.19
8.91	0.17
8.93	0.17
8.96	0.18
8.98	0.17
9.01	0.17
9.03	0.17
9.05	0.19
9.08	0.18
9.10	0.18
9.13	0.20
9.15	0.18
9.18	0.18
9.20	0.19
9.23	0.17
9.25	0.17
9.27	0.18
9.30	0.18
9.32	0.18
9.35	0.18
9.37	0.19
9.40	0.18
9.42	0.18
9.45	0.20
9.47	0.18
9.49	0.19
9.52	0.20
9.54	0.18
9.57	0.18
9.59	0.20
9.62	0.19
9.64	0.17
9.67	0.20
9.69	0.20
9.71	0.17
9.74	0.19
9.76	0.20
9.79	0.18
9.81	0.18
9.84	0.20
9.86	0.19
9.89	0.18
9.91	0.20
9.93	0.19
9.96	0.17
9.98	0.20
10.01	0.20
10.03	0.17
10.06	0.19
10.08	0.20
10.10	0.18
10.13	0.18
10.15	0.19
10.18	0.18
10.20	0.18
10.23	0.20
10.25	0.18
10.28	0.18
10.30	0.20
10.32	0.18
10.35	0.18
10.37	0.19
10.40	0.19
10.42	0.18
10.45	0.18
10.47	0.20
10.50	0.18
10.52	0.18
10.54	0.21
10.57	0.18
10.59	0.18
10.62	0.20
10.64	0.18
10.67	0.18
10.69	0.18
10.72	0.19
10.74	0.18
10.76	0.18
10.79	0.21
10.81	0.19
10.84	0.19
10.86	0.21
10.89	0.18
10.91	0.18
10.94	0.19
10.96	0.19
10.98	0.19
11.01	0.19
11.03	0.20
11.06	0.19
11.08	0.19
11.11	0.21
11.13	0.18
11.15	0.18
11.18	0.20
11.20	0.18
11.23	0.18
11.25	0.19
11.28	0.19
11.30	0.19
11.33	0.19
11.35	0.21
11.37	0.19
11.40	0.19
11.42	0.21
11.45	0.18
11.47	0.18
11.50	0.19
11.52	0.18
11.55	0.18
11.57	0.18
11.59	0.20
11.62	0.18
11.64	0.18
11.67	0.21
11.69	0.19
11.72	0.19
11.74	0.20
11.77	0.18
11.79	0.18
11.81	0.19
11.84	0.19
11.86	0.18
11.89	0.18
11.91	0.18
11.94	0.17
11.96	0.19
11.99	0.19
12.01	0.17
12.03	0.18
12.06	0.19
12.08	0.17
12.11	0.17
12.13	0.19
12.16	0.18
12.18	0.17
12.21	0.19
12.23	0.19
12.25	0.17
12.28	0.19
12.30	0.19
12.33	0.16
12.35	0.17
12.38	0.19
12.40	0.17
12.42	0.17
12.45	0.19
12.47	0.19
12.50	0.17
12.52	0.19
12.55	0.19
12.57	0.19
12.60	0.20
12.62	0.18
12.64	0.18
12.67	0.19
12.69	0.20
12.72	0.19
12.74	0.19
12.77	0.21
12.79	0.19
12.82	0.19
12.84	0.22
12.86	0.19
12.89	0.19
12.91	0.20
12.94	0.20
12.96	0.20
12.99	0.20
13.01	0.21
13.04	0.19
13.06	0.19
13.08	0.22
13.11	0.20
13.13	0.20
13.16	0.21
13.18	0.20
13.21	0.20
13.23	0.21
13.26	0.21
13.28	0.20
13.30	0.20
13.33	0.22
13.35	0.20
13.38	0.20
13.40	0.22
13.43	0.20
13.45	0.20
13.47	0.21
13.50	0.20
13.52	0.20
13.55	0.20
13.57	0.21
13.60	0.20
13.62	0.20
13.65	0.22
13.67	0.20
13.69	0.20
13.72	0.22
13.74	0.19
13.77	0.19
13.79	0.20
13.82	0.20
13.84	0.19
13.87	0.19
13.89	0.21
13.91	0.20
13.94	0.20
13.96	0.22
13.99	0.20
14.01	0.20
14.04	0.21
14.06	0.20
14.09	0.20
14.11	0.21
14.13	0.21
14.16	0.20
14.18	0.20
14.21	0.23
14.23	0.21
14.26	0.21
14.28	0.23
14.31	0.21
14.33	0.21
14.35	0.24
14.38	0.22
14.40	0.22
14.43	0.24
14.45	0.23
14.48	0.21
14.50	0.24
14.52	0.24
14.55	0.22
14.57	0.23
14.60	0.24
14.62	0.22
14.65	0.23
14.67	0.24
14.70	0.23
14.72	0.22
14.74	0.25
14.77	0.24
14.79	0.22
14.82	0.24
14.84	0.24
14.87	0.22
14.89	0.23
14.92	0.24
14.94	0.22
14.96	0.22
14.99	0.24
15.01	0.21
15.04	0.21
15.06	0.24
15.09	0.21
15.11	0.21
15.14	0.23
15.16	0.21
15.18	0.21
15.21	0.22
15.23	0.22
15.26	0.20
15.28	0.20
15.31	0.23
15.33	0.21
15.36	0.21
15.38	0.24
15.40	0.21
15.43	0.21
15.45	0.22
15.48	0.21
15.50	0.21
15.53	0.21
15.55	0.22
15.57	0.20
15.60	0.20
15.62	0.22
15.65	0.20
15.67	0.20
15.70	0.22
15.72	0.20
15.75	0.20
15.77	0.20
15.79	0.20
15.82	0.19
15.84	0.19
15.87	0.21
15.89	0.19
15.92	0.19
15.94	0.21
15.97	0.19
15.99	0.19
16.01	0.20
16.04	0.19
16.06	0.19
16.09	0.19
16.11	0.20
16.14	0.19
16.16	0.19
16.19	0.21
16.21	0.19
16.23	0.19
16.26	0.21
16.28	0.19
16.31	0.19
16.33	0.20
16.36	0.20
16.38	0.19
16.41	0.19
16.43	0.21
16.45	0.20
16.48	0.20
16.50	0.22
16.53	0.20
16.55	0.20
16.58	0.21
16.60	0.20
16.63	0.20
16.65	0.20
16.67	0.20
16.70	0.19
16.72	0.19
16.75	0.21
16.77	0.19
16.80	0.20
16.82	0.20
16.84	0.18
16.87	0.18
16.89	0.20
16.92	0.18
16.94	0.18
16.97	0.20
16.99	0.19
17.02	0.17
17.04	0.19
17.06	0.19
17.09	0.17
17.11	0.19
17.14	0.19
17.16	0.17
17.19	0.18
17.21	0.20
17.24	0.18
17.26	0.18
17.28	0.20
17.31	0.19
17.33	0.18
17.36	0.20
17.38	0.20
17.41	0.18
17.43	0.19
17.46	0.19
17.48	0.19
17.50	0.19
17.53	0.20
17.55	0.19
17.58	0.19
17.60	0.21
17.63	0.19
17.65	0.19
17.68	0.21
17.70	0.19
17.72	0.19
17.75	0.20
17.77	0.19
17.80	0.19
17.82	0.19
17.85	0.20
17.87	0.18
17.89	0.18
17.92	0.21
17.94	0.18
17.97	0.18
17.99	0.20
18.02	0.18
18.04	0.18
18.07	0.19
18.09	0.19
18.11	0.18
18.14	0.18
18.16	0.20
18.19	0.18
18.21	0.18
18.24	0.20
18.26	0.17
18.29	0.17
18.31	0.18
18.33	0.17
18.36	0.17
18.38	0.17
18.41	0.19
18.43	0.17
18.46	0.17
18.48	0.20
18.51	0.18
18.53	0.18
18.55	0.19
18.58	0.16
18.60	0.16
18.63	0.17
18.65	0.18
18.68	0.17
18.70	0.17
18.73	0.19
18.75	0.18
18.77	0.18
18.80	0.19
18.82	0.17
18.85	0.17
18.87	0.18
18.90	0.17
18.92	0.17
18.94	0.17
18.97	0.18
18.99	0.17
19.02	0.17
19.04	0.19
19.07	0.17
19.09	0.17
19.12	0.19
19.14	0.17
19.16	0.17
19.19	0.17
19.21	0.18
19.24	0.17
19.26	0.19
19.29	0.18
19.31	0.17
19.34	0.19
19.36	0.19
19.38	0.16
19.41	0.17
19.43	0.18
19.46	0.17
19.48	0.17
19.51	0.18
19.53	0.18
19.56	0.17
19.58	0.19
19.60	0.19
19.63	0.17
19.65	0.19
19.68	0.19
19.70	0.16
19.73	0.17
19.75	0.18
19.78	0.17
19.80	0.16
19.82	0.18
19.85	0.18
19.87	0.17
19.90	0.19
19.92	0.17
19.95	0.17
19.97	0.18
19.99	0.16
20.02	0.16
20.04	0.16
20.07	0.17
20.09	0.16
20.12	0.16
20.14	0.18
20.17	0.16
20.19	0.16
20.21	0.18
20.24	0.16
20.26	0.16
20.29	0.16
20.31	0.16
20.34	0.16
20.36	0.16
20.39	0.17
20.41	0.16
20.43	0.16
20.46	0.18
20.48	0.15
20.51	0.15
20.53	0.17
20.56	0.15
20.58	0.15
20.61	0.16
20.63	0.16
20.65	0.16
20.68	0.16
20.70	0.18
20.73	0.16
20.75	0.16
20.78	0.18
20.80	0.16
20.83	0.16
20.85	0.17
20.87	0.16
20.90	0.16
20.92	0.16
20.95	0.17
20.97	0.16
21.00	0.16
21.02	0.19
21.05	0.17
21.07	0.17
21.09	0.18
21.12	0.17
21.14	0.17
21.17	0.17
21.19	0.17
21.22	0.17
21.24	0.17
21.26	0.18
21.29	0.17
21.31	0.17
21.34	0.19
21.36	0.17
21.39	0.17
21.41	0.17
21.44	0.16
21.46	0.16
21.48	0.17
21.51	0.17
21.53	0.16
21.56	0.16
21.58	0.18
21.61	0.16
21.63	0.16
21.66	0.18
21.68	0.15
21.70	0.15
21.73	0.17
21.75	0.15
21.78	0.15
21.80	0.17
21.83	0.17
21.85	0.15
21.88	0.17
21.90	0.17
21.92	0.15
21.95	0.16
21.97	0.17
22.00	0.15
22.02	0.15
22.05	0.17
22.07	0.16
22.10	0.15
22.12	0.18
22.14	0.17
22.17	0.16
22.19	0.17
22.22	0.17
22.24	0.15
22.27	0.16
22.29	0.17
22.31	0.16
22.34	0.16
22.36	0.18
22.39	0.16
22.41	0.16
22.44	0.19
22.46	0.17
22.49	0.17
22.51	0.18
22.53	0.16
22.56	0.15
22.58	0.16
22.61	0.16
22.63	0.15
22.66	0.15
22.68	0.17
22.71	0.16
22.73	0.16
22.75	0.18
22.78	0.16
22.80	0.16
22.83	0.17
22.85	0.16
22.88	0.16
22.90	0.16
22.93	0.17
22.95	0.15
22.97	0.15
23.00	0.17
23.02	0.16
23.05	0.16
23.07	0.17
23.10	0.15
23.12	0.15
23.15	0.16
23.17	0.16
23.19	0.16
23.22	0.16
23.24	0.18
23.27	0.17
23.29	0.17
23.32	0.19
23.34	0.17
23.36	0.17
23.39	0.18
23.41	0.17
23.44	0.17
23.46	0.18
23.49	0.19
23.51	0.18
23.54	0.18
23.56	0.21
23.58	0.19
23.61	0.19
23.63	0.21
23.66	0.19
23.68	0.19
23.71	0.20
23.73	0.21
23.76	0.20
23.78	0.20
23.80	0.23
23.83	0.21
23.85	0.21
23.88	0.24
23.90	0.22
23.93	0.22
23.95	0.24
23.98	0.24
24.00	0.24
24.02	0.25
24.05	0.27
24.07	0.26
24.10	0.26
24.12	0.27
24.15	0.25
24.17	0.28
24.20	0.29
24.22	0.26
24.24	0.29
24.27	0.31
24.29	0.30
24.32	0.30
24.34	0.31
24.37	0.30
24.39	0.27
24.42	0.31
24.44	0.31
24.46	0.29
24.49	0.32
24.51	0.34
24.54	0.31
24.56	0.33
24.59	0.37
24.61	0.35
24.63	0.33
24.66	0.38
24.68	0.37
24.71	0.34
24.73	0.38
24.76	0.40
24.78	0.38
24.81	0.41
24.83	0.41
24.85	0.40
24.88	0.42
24.90	0.45
24.93	0.42
24.95	0.43
24.98	0.47
25.00	0.47
25.03	0.47
25.05	0.52
25.07	0.51
25.10	0.51
25.12	0.55
25.15	0.56
25.17	0.54
25.20	0.56
25.22	0.59
25.25	0.57
25.27	0.58
25.29	0.63
25.32	0.61
25.34	0.61
25.37	0.66
25.39	0.66
25.42	0.65
25.44	0.69
25.47	0.71
25.49	0.69
25.51	0.72
25.54	0.76
25.56	0.73
25.59	0.75
25.61	0.80
25.64	0.79
25.66	0.79
25.68	0.85
25.71	0.86
25.73	0.84
25.76	0.88
25.78	0.91
25.81	0.89
25.83	0.92
25.86	0.97
25.88	0.96
25.90	0.96
25.93	1.02
25.95	1.02
25.98	1.02
26.00	1.08
26.03	1.09
26.05	1.07
26.08	1.11
26.10	1.15
26.12	1.13
26.15	1.15
26.17	1.20
26.20	1.20
26.22	1.20
26.25	1.25
26.27	1.26
26.30	1.24
26.32	1.29
26.34	1.32
26.37	1.30
26.39	1.34
26.42	1.39
26.44	1.37
26.47	1.38
26.49	1.43
26.52	1.43
26.54	1.42
26.56	1.49
26.59	1.46
26.61	1.46
26.64	1.53
26.66	1.52
26.69	1.49
26.71	1.56
26.73	1.58
26.76	1.54
26.78	1.59
26.81	1.64
26.83	1.59
26.86	1.61
26.88	1.67
26.91	1.65
26.93	1.64
26.95	1.71
26.98	1.70
27.00	1.67
27.03	1.72
27.05	1.75
27.08	1.71
27.10	1.75
27.13	1.80
27.15	1.76
27.17	1.76
27.20	1.83
27.22	1.79
27.25	1.81
27.27	1.86
27.30	1.83
27.32	1.83
27.35	1.88
27.37	1.88
27.39	1.86
27.42	1.94
27.44	1.95
27.47	1.92
27.49	1.95
27.52	1.98
27.54	1.96
27.57	1.97
27.59	2.02
27.61	2.00
27.64	1.99
27.66	2.04
27.69	2.04
27.71	2.01
27.74	2.05
27.76	2.07
27.78	2.05
27.81	2.07
27.83	2.10
27.86	2.08
27.88	2.08
27.91	2.13
27.93	2.12
27.96	2.10
27.98	2.14
28.00	2.15
28.03	2.12
28.05	2.15
28.08	2.15
28.10	2.13
28.13	2.14
28.15	2.18
28.18	2.16
28.20	2.15
28.22	2.20
28.25	2.19
28.27	2.16
28.30	2.21
28.32	2.23
28.35	2.20
28.37	2.23
28.40	2.26
28.42	2.23
28.44	2.23
28.47	2.27
28.49	2.26
28.52	2.25
28.54	2.29
28.57	2.29
28.59	2.26
28.62	2.30
28.64	2.32
28.66	2.28
28.69	2.30
28.71	2.31
28.74	2.28
28.76	2.28
28.79	2.32
28.81	2.32
28.84	2.29
28.86	2.33
28.88	2.35
28.91	2.32
28.93	2.34
28.96	2.37
28.98	2.33
29.01	2.36
29.03	2.39
29.05	2.34
29.08	2.37
29.10	2.41
29.13	2.37
29.15	2.36
29.18	2.42
29.20	2.40
29.23	2.37
29.25	2.43
29.27	2.43
29.30	2.38
29.32	2.43
29.35	2.46
29.37	2.44
29.40	2.46
29.42	2.51
29.45	2.48
29.47	2.46
29.49	2.53
29.52	2.51
29.54	2.47
29.57	2.52
29.59	2.54
29.62	2.49
29.64	2.53
29.67	2.54
29.69	2.51
29.71	2.55
29.74	2.56
29.76	2.53
29.79	2.55
29.81	2.59
29.84	2.56
29.86	2.56
29.89	2.60
29.91	2.59
29.93	2.57
29.96	2.61
29.98	2.62
30.01	2.58
30.03	2.61
30.06	2.63
30.08	2.60
30.10	2.60
30.13	2.65
30.15	2.62
30.18	2.61
30.20	2.65
30.23	2.65
30.25	2.62
30.28	2.66
30.30	2.67
30.32	2.64
30.35	2.66
30.37	2.68
30.40	2.65
30.42	2.65
30.45	2.69
30.47	2.67
30.50	2.66
30.52	2.70
30.54	2.70
30.57	2.66
30.59	2.70
30.62	2.71
30.64	2.68
30.67	2.69
30.69	2.73
30.72	2.70
30.74	2.70
30.76	2.73
30.79	2.73
30.81	2.70
30.84	2.74
30.86	2.75
30.89	2.72
30.91	2.74
30.94	2.77
30.96	2.74
30.98	2.74
31.01	2.78
31.03	2.77
31.06	2.75
31.08	2.79
31.11	2.79
31.13	2.75
31.15	2.79
31.18	2.80
31.20	2.77
31.23	2.78
31.25	2.82
31.28	2.79
31.30	2.78
31.33	2.82
31.35	2.81
31.37	2.79
31.40	2.83
31.42	2.84
31.45	2.80
31.47	2.86
31.50	2.83
31.52	2.79
31.55	2.83
31.57	2.84
31.59	2.79
31.62	2.82
31.64	2.86
31.67	2.80
31.69	2.80
31.72	2.85
31.74	2.82
31.77	2.78
31.79	2.84
31.81	2.82
31.84	2.77
31.86	2.81
31.89	2.84
31.91	2.77
31.94	2.79
31.96	2.83
31.99	2.78
32.01	2.76
32.03	2.81
32.06	2.78
32.08	2.73
32.11	2.78
32.13	2.74
32.16	2.72
32.18	2.75
32.20	2.74
32.23	2.70
32.25	2.73
32.28	2.72
32.30	2.68
32.33	2.69
32.35	2.70
32.38	2.66
32.40	2.64
32.42	2.67
32.45	2.64
32.47	2.61
32.50	2.64
32.52	2.63
32.55	2.58
32.57	2.59
32.60	2.59
32.62	2.55
32.64	2.55
32.67	2.57
32.69	2.52
32.72	2.50
32.74	2.52
32.77	2.49
32.79	2.45
32.82	2.48
32.84	2.48
32.86	2.42
32.89	2.43
32.91	2.44
32.94	2.39
32.96	2.37
32.99	2.39
33.01	2.36
33.04	2.33
33.06	2.35
33.08	2.33
33.11	2.30
33.13	2.32
33.16	2.32
33.18	2.26
33.21	2.26
33.23	2.28
33.26	2.22
33.28	2.19
33.30	2.21
33.33	2.19
33.35	2.15
33.38	2.17
33.40	2.16
33.43	2.10
33.45	2.11
33.47	2.11
33.50	2.05
33.52	2.04
33.55	2.06
33.57	2.01
33.60	1.98
33.62	2.00
33.65	1.98
33.67	1.93
33.69	1.94
33.72	1.94
33.74	1.88
33.77	1.86
33.79	1.87
33.82	1.82
33.84	1.80
33.87	1.82
33.89	1.76
33.91	1.76
33.94	1.79
33.96	1.73
33.99	1.70
34.01	1.74
34.04	1.69
34.06	1.64
34.09	1.67
34.11	1.66
34.13	1.58
34.16	1.60
34.18	1.62
34.21	1.54
34.23	1.54
34.26	1.57
34.28	1.52
34.31	1.47
34.33	1.52
34.35	1.48
34.38	1.41
34.40	1.44
34.43	1.44
34.45	1.37
34.48	1.38
34.50	1.40
34.52	1.33
34.55	1.33
34.57	1.33
34.60	1.28
34.62	1.27
34.65	1.29
34.67	1.23
34.70	1.20
34.72	1.22
34.74	1.19
34.77	1.15
34.79	1.17
34.82	1.16
34.84	1.11
34.87	1.11
34.89	1.12
34.92	1.07
34.94	1.04
34.96	1.06
34.99	1.02
35.01	0.99
35.04	1.01
35.06	1.00
35.09	0.94
35.11	0.96
35.14	0.96
35.16	0.91
35.18	0.90
35.21	0.92
35.23	0.88
35.26	0.85
35.28	0.88
35.31	0.85
35.33	0.81
35.36	0.84
35.38	0.83
35.40	0.78
35.43	0.79
35.45	0.80
35.48	0.75
35.50	0.73
35.53	0.76
35.55	0.72
35.57	0.70
35.60	0.73
35.62	0.71
35.65	0.68
35.67	0.70
35.70	0.69
35.72	0.65
35.75	0.66
35.77	0.68
35.79	0.63
35.82	0.61
35.84	0.64
35.87	0.61
35.89	0.59
35.92	0.61
35.94	0.61
35.97	0.57
35.99	0.58
36.01	0.58
36.04	0.54
36.06	0.54
36.09	0.56
36.11	0.52
36.14	0.51
36.16	0.54
36.19	0.52
36.21	0.49
36.23	0.51
36.26	0.51
36.28	0.47
36.31	0.47
36.33	0.48
36.36	0.44
36.38	0.47
36.41	0.48
36.43	0.43
36.45	0.44
36.48	0.47
36.50	0.43
36.53	0.41
36.55	0.44
36.58	0.41
36.60	0.37
36.62	0.41
36.65	0.40
36.67	0.36
36.70	0.38
36.72	0.40
36.75	0.36
36.77	0.37
36.80	0.39
36.82	0.36
36.84	0.33
36.87	0.37
36.89	0.35
36.92	0.32
36.94	0.34
36.97	0.35
36.99	0.32
37.02	0.34
37.04	0.33
37.06	0.31
37.09	0.31
37.11	0.31
37.14	0.29
37.16	0.29
37.19	0.32
37.21	0.28
37.24	0.28
37.26	0.30
37.28	0.27
37.31	0.27
37.33	0.28
37.36	0.28
37.38	0.26
37.41	0.26
37.43	0.28
37.46	0.25
37.48	0.26
37.50	0.28
37.53	0.25
37.55	0.25
37.58	0.26
37.60	0.25
37.63	0.24
37.65	0.25
37.68	0.25
37.70	0.23
37.72	0.23
37.75	0.25
37.77	0.23
37.80	0.23
37.82	0.24
37.85	0.22
37.87	0.21
37.89	0.22
37.92	0.22
37.94	0.21
37.97	0.21
37.99	0.22
38.02	0.20
38.04	0.20
38.07	0.22
38.09	0.19
38.11	0.19
38.14	0.20
38.16	0.19
38.19	0.19
38.21	0.19
38.24	0.19
38.26	0.18
38.29	0.18
38.31	0.20
38.33	0.18
38.36	0.18
38.38	0.19
38.41	0.16
38.43	0.16
38.46	0.17
38.48	0.17
38.51	0.16
38.53	0.16
38.55	0.18
38.58	0.16
38.60	0.16
38.63	0.18
38.65	0.16
38.68	0.16
38.70	0.17
38.73	0.15
38.75	0.15
38.77	0.16
38.80	0.15
38.82	0.14
38.85	0.16
38.87	0.16
38.90	0.14
38.92	0.16
38.94	0.16
38.97	0.14
38.99	0.14
39.02	0.14
39.04	0.13
39.07	0.13
39.09	0.15
39.12	0.14
39.14	0.13
39.16	0.15
39.19	0.15
39.21	0.13
39.24	0.13
39.26	0.14
39.29	0.11
39.31	0.11
39.34	0.12
39.36	0.12
39.38	0.12
39.41	0.13
39.43	0.12
39.46	0.12
39.48	0.13
39.51	0.11
39.53	0.11
39.56	0.12
39.58	0.11
39.60	0.11
39.63	0.11
39.65	0.12
39.68	0.12
39.70	0.12
39.73	0.14
39.75	0.12
39.78	0.12
39.80	0.13
39.82	0.12
39.85	0.12
39.87	0.12
39.90	0.13
39.92	0.13
39.95	0.13
39.97	0.15
39.99	0.14
40.02	0.14
40.04	0.17
40.07	0.15
40.09	0.15
40.12	0.17
40.14	0.17
40.17	0.17
40.19	0.18
40.21	0.20
40.24	0.19
40.26	0.19
40.29	0.23
40.31	0.21
40.34	0.21
40.36	0.25
40.39	0.24
40.41	0.24
40.43	0.26
40.46	0.28
40.48	0.28
40.51	0.29
40.53	0.32
40.56	0.31
40.58	0.31
40.61	0.35
40.63	0.33
40.65	0.33
40.68	0.37
40.70	0.37
40.73	0.37
40.75	0.40
40.78	0.43
40.80	0.42
40.83	0.43
40.85	0.47
40.87	0.45
40.90	0.46
40.92	0.51
40.95	0.50
40.97	0.50
41.00	0.54
41.02	0.55
41.05	0.53
41.07	0.57
41.09	0.60
41.12	0.58
41.14	0.60
41.17	0.64
41.19	0.63
41.22	0.66
41.24	0.70
41.26	0.67
41.29	0.71
41.31	0.76
41.34	0.73
41.36	0.73
41.39	0.80
41.41	0.79
41.44	0.75
41.46	0.82
41.48	0.85
41.51	0.81
41.53	0.86
41.56	0.91
41.58	0.87
41.61	0.90
41.63	0.96
41.66	0.94
41.68	0.93
41.70	1.01
41.73	1.01
41.75	0.98
41.78	1.04
41.80	1.08
41.83	1.04
41.85	1.08
41.88	1.11
41.90	1.09
41.92	1.13
41.95	1.16
41.97	1.15
42.00	1.18
42.02	1.24
42.05	1.22
42.07	1.23
42.10	1.29
42.12	1.29
42.14	1.27
42.17	1.33
42.19	1.35
42.22	1.33
42.24	1.37
42.27	1.41
42.29	1.39
42.31	1.41
42.34	1.47
42.36	1.46
42.39	1.46
42.41	1.51
42.44	1.52
42.46	1.50
42.49	1.56
42.51	1.59
42.53	1.57
42.56	1.61
42.58	1.66
42.61	1.64
42.63	1.65
42.66	1.70
42.68	1.70
42.71	1.70
42.73	1.75
42.75	1.77
42.78	1.75
42.80	1.80
42.83	1.83
42.85	1.81
42.88	1.83
42.90	1.89
42.93	1.87
42.95	1.88
42.97	1.93
43.00	1.94
43.02	1.92
43.05	1.98
43.07	2.00
43.10	1.98
43.12	2.02
43.15	2.05
43.17	2.03
43.19	2.05
43.22	2.11
43.24	2.10
43.27	2.10
43.29	2.15
43.32	2.16
43.34	2.13
43.36	2.17
43.39	2.20
43.41	2.18
43.44	2.21
43.46	2.25
43.49	2.24
43.51	2.24
43.54	2.30
43.56	2.29
43.58	2.28
43.61	2.33
43.63	2.35
43.66	2.32
43.68	2.40
43.71	2.39
43.73	2.36
43.76	2.42
43.78	2.45
43.80	2.41
43.83	2.45
43.85	2.50
43.88	2.46
43.90	2.48
43.93	2.55
43.95	2.53
43.98	2.51
44.00	2.58
44.02	2.59
44.05	2.55
44.07	2.60
44.10	2.65
44.12	2.60
44.15	2.63
44.17	2.69
44.20	2.66
44.22	2.66
44.24	2.73
44.27	2.72
44.29	2.69
44.32	2.76
44.34	2.74
44.37	2.74
44.39	2.80
44.41	2.80
44.44	2.78
44.46	2.83
44.49	2.85
44.51	2.82
44.54	2.85
44.56	2.89
44.59	2.86
44.61	2.87
44.63	2.92
44.66	2.92
44.68	2.91
44.71	2.96
44.73	2.97
44.76	2.94
44.78	2.98
44.81	3.00
44.83	2.98
44.85	3.00
44.88	3.05
44.90	3.03
44.93	3.03
44.95	3.08
44.98	3.07
45.00	3.06
45.03	3.10
45.05	3.12
45.07	3.09
45.10	3.13
45.12	3.16
45.15	3.13
45.17	3.14
45.20	3.19
45.22	3.18
45.25	3.18
45.27	3.22
45.29	3.22
45.32	3.20
45.34	3.24
45.37	3.26
45.39	3.24
45.42	3.26
45.44	3.31
45.47	3.28
45.49	3.28
45.51	3.33
45.54	3.33
45.56	3.31
45.59	3.36
45.61	3.38
45.64	3.35
45.66	3.38
45.68	3.41
45.71	3.39
45.73	3.40
45.76	3.44
45.78	3.42
45.81	3.42
45.83	3.47
45.86	3.47
45.88	3.44
45.90	3.48
45.93	3.51
45.95	3.48
45.98	3.50
46.00	3.54
46.03	3.51
46.05	3.52
46.08	3.57
46.10	3.53
46.12	3.56
46.15	3.62
46.17	3.58
46.20	3.57
46.22	3.64
46.25	3.62
46.27	3.59
46.30	3.65
46.32	3.67
46.34	3.62
46.37	3.66
46.39	3.70
46.42	3.65
46.44	3.67
46.47	3.72
46.49	3.70
46.52	3.68
46.54	3.75
46.56	3.74
46.59	3.70
46.61	3.75
46.64	3.79
46.66	3.74
46.69	3.77
46.71	3.82
46.73	3.77
46.76	3.79
46.78	3.82
46.81	3.79
46.83	3.81
46.86	3.85
46.88	3.83
46.91	3.83
46.93	3.87
46.95	3.86
46.98	3.84
47.00	3.89
47.03	3.90
47.05	3.87
47.08	3.90
47.10	3.93
47.13	3.90
47.15	3.91
47.17	3.95
47.20	3.93
47.22	3.92
47.25	3.97
47.27	3.97
47.30	3.94
47.32	3.98
47.35	4.00
47.37	3.97
47.39	3.99
47.42	4.03
47.44	4.00
47.47	4.00
47.49	4.04
47.52	4.04
47.54	4.02
47.57	4.06
47.59	4.07
47.61	4.04
47.64	4.07
47.66	4.10
47.69	4.06
47.71	4.07
47.74	4.12
47.76	4.09
47.78	4.09
47.81	4.13
47.83	4.13
47.86	4.10
47.88	4.14
47.91	4.15
47.93	4.13
47.96	4.15
47.98	4.18
48.00	4.15
48.03	4.15
48.05	4.19
48.08	4.17
48.10	4.16
48.13	4.20
48.15	4.20
48.18	4.16
48.20	4.19
48.22	4.22
48.25	4.18
48.27	4.19
48.30	4.23
48.32	4.20
48.35	4.20
48.37	4.24
48.40	4.22
48.42	4.20
48.44	4.23
48.47	4.24
48.49	4.21
48.52	4.22
48.54	4.24
48.57	4.20
48.59	4.24
48.62	4.26
48.64	4.20
48.66	4.22
48.69	4.26
48.71	4.22
48.74	4.21
48.76	4.26
48.79	4.23
48.81	4.19
48.84	4.24
48.86	4.23
48.88	4.17
48.91	4.21
48.93	4.23
48.96	4.17
48.98	4.18
49.01	4.22
49.03	4.18
49.05	4.15
49.08	4.20
49.10	4.17
49.13	4.12
49.15	4.16
49.18	4.17
49.20	4.12
49.23	4.15
49.25	4.13
49.27	4.09
49.30	4.11
49.32	4.11
49.35	4.07
49.37	4.07
49.40	4.10
49.42	4.05
49.45	4.03
49.47	4.06
49.49	4.03
49.52	4.00
49.54	4.04
49.57	4.03
49.59	3.98
49.62	3.99
49.64	3.99
49.67	3.95
49.69	3.94
49.71	3.97
49.74	3.93
49.76	3.90
49.79	3.92
49.81	3.90
49.84	3.86
49.86	3.89
49.89	3.88
49.91	3.84
49.93	3.84
49.96	3.86
49.98	3.81
50.01	3.79
50.03	3.81
50.06	3.78
50.08	3.74
50.10	3.77
50.13	3.75
50.15	3.71
50.18	3.72
50.20	3.72
50.23	3.67
50.25	3.66
50.28	3.69
50.30	3.63
50.32	3.61
50.35	3.63
50.37	3.61
50.40	3.56
50.42	3.59
50.45	3.58
50.47	3.53
50.50	3.53
50.52	3.54
50.54	3.49
50.57	3.47
50.59	3.48
50.62	3.45
50.64	3.42
50.67	3.44
50.69	3.42
50.72	3.37
50.74	3.38
50.76	3.38
50.79	3.33
50.81	3.32
50.84	3.34
50.86	3.28
50.89	3.26
50.91	3.28
50.94	3.25
50.96	3.21
50.98	3.25
51.01	3.19
51.03	3.15
51.06	3.19
51.08	3.15
51.11	3.09
51.13	3.12
51.15	3.12
51.18	3.04
51.20	3.05
51.23	3.07
51.25	3.00
51.28	2.99
51.30	3.02
51.33	2.98
51.35	2.92
51.37	2.96
51.40	2.93
51.42	2.87
51.45	2.89
51.47	2.90
51.50	2.82
51.52	2.82
51.55	2.85
51.57	2.79
51.59	2.75
51.62	2.79
51.64	2.73
51.67	2.72
51.69	2.74
51.72	2.69
51.74	2.66
51.77	2.68
51.79	2.65
51.81	2.60
51.84	2.63
51.86	2.62
51.89	2.57
51.91	2.57
51.94	2.58
51.96	2.53
51.99	2.50
52.01	2.52
52.03	2.48
52.06	2.44
52.08	2.47
52.11	2.45
52.13	2.40
52.16	2.41
52.18	2.41
52.20	2.35
52.23	2.34
52.25	2.36
52.28	2.31
52.30	2.29
52.33	2.31
52.35	2.28
52.38	2.23
52.40	2.25
52.42	2.24
52.45	2.19
52.47	2.19
52.50	2.19
52.52	2.14
52.55	2.12
52.57	2.15
52.60	2.10
52.62	2.07
52.64	2.09
52.67	2.08
52.69	2.02
52.72	2.03
52.74	2.03
52.77	1.98
52.79	1.97
52.82	1.99
52.84	1.94
52.86	1.92
52.89	1.94
52.91	1.91
52.94	1.86
52.96	1.89
52.99	1.87
53.01	1.82
53.04	1.83
53.06	1.84
53.08	1.79
53.11	1.77
53.13	1.79
53.16	1.75
53.18	1.71
53.21	1.73
53.23	1.71
53.26	1.66
53.28	1.67
53.30	1.67
53.33	1.62
53.35	1.62
53.38	1.63
53.40	1.58
53.43	1.58
53.45	1.59
53.47	1.51
53.50	1.52
53.52	1.55
53.55	1.49
53.57	1.46
53.60	1.50
53.62	1.46
53.65	1.40
53.67	1.43
53.69	1.43
53.72	1.35
53.74	1.37
53.77	1.40
53.79	1.32
53.82	1.31
53.84	1.35
53.87	1.31
53.89	1.26
53.91	1.30
53.94	1.27
53.96	1.21
53.99	1.23
54.01	1.24
54.04	1.17
54.06	1.18
54.09	1.18
54.11	1.13
54.13	1.14
54.16	1.14
54.18	1.09
54.21	1.09
54.23	1.11
54.26	1.07
54.28	1.04
54.31	1.06
54.33	1.04
54.35	1.00
54.38	1.02
54.40	1.01
54.43	0.96
54.45	0.97
54.48	0.98
54.50	0.93
54.52	0.91
54.55	0.93
54.57	0.90
54.60	0.87
54.62	0.89
54.65	0.88
54.67	0.83
54.70	0.85
54.72	0.85
54.74	0.80
54.77	0.80
54.79	0.82
54.82	0.77
54.84	0.75
54.87	0.77
54.89	0.75
54.92	0.71
54.94	0.77
54.96	0.77
54.99	0.72
55.01	0.72
55.04	0.73
55.06	0.68
55.09	0.67
55.11	0.69
55.14	0.65
55.16	0.63
55.18	0.66
55.21	0.64
55.23	0.61
55.26	0.63
55.28	0.63
55.31	0.58
55.33	0.58
55.36	0.61
55.38	0.56
55.40	0.55
55.43	0.57
55.45	0.55
55.48	0.53
55.50	0.56
55.53	0.55
55.55	0.52
55.57	0.52
55.60	0.50
55.62	0.45
55.65	0.45
55.67	0.48
55.70	0.44
55.72	0.44
55.75	0.46
55.77	0.44
55.79	0.43
55.82	0.44
55.84	0.43
55.87	0.40
55.89	0.44
55.92	0.42
55.94	0.38
55.97	0.40
55.99	0.42
56.01	0.37
56.04	0.39
56.06	0.42
56.09	0.38
56.11	0.36
56.14	0.39
56.16	0.37
56.19	0.34
56.21	0.34
56.23	0.35
56.26	0.31
56.28	0.33
56.31	0.35
56.33	0.31
56.36	0.32
56.38	0.35
56.41	0.32
56.43	0.30
56.45	0.33
56.48	0.32
56.50	0.29
56.53	0.32
56.55	0.30
56.58	0.30
56.60	0.32
56.62	0.32
56.65	0.30
56.67	0.31
56.70	0.33
56.72	0.30
56.75	0.30
56.77	0.34
56.80	0.31
56.82	0.31
56.84	0.33
56.87	0.36
56.89	0.36
56.92	0.38
56.94	0.39
56.97	0.37
56.99	0.37
57.02	0.40
57.04	0.37
57.06	0.37
57.09	0.41
57.11	0.40
57.14	0.40
57.16	0.43
57.19	0.44
57.21	0.42
57.24	0.44
57.26	0.46
57.28	0.44
57.31	0.44
57.33	0.49
57.36	0.46
57.38	0.46
57.41	0.50
57.43	0.50
57.46	0.50
57.48	0.53
57.50	0.54
57.53	0.51
57.55	0.52
57.58	0.56
57.60	0.53
57.63	0.53
57.65	0.59
57.68	0.57
57.70	0.57
57.72	0.61
57.75	0.61
57.77	0.59
57.80	0.62
57.82	0.63
57.85	0.61
57.87	0.62
57.89	0.67
57.92	0.64
57.94	0.64
57.97	0.69
57.99	0.68
58.02	0.67
58.04	0.71
58.07	0.72
58.09	0.70
58.11	0.72
58.14	0.75
58.16	0.72
58.19	0.74
58.21	0.79
58.24	0.76
58.26	0.76
58.29	0.81
58.31	0.78
58.33	0.80
58.36	0.86
58.38	0.83
58.41	0.82
58.43	0.89
58.46	0.88
58.48	0.85
58.51	0.91
58.53	0.94
58.55	0.89
58.58	0.93
58.60	0.99
58.63	0.95
58.65	0.96
58.68	1.03
58.70	1.02
58.73	1.00
58.75	1.06
58.77	1.08
58.80	1.05
58.82	1.10
58.85	1.15
58.87	1.11
58.90	1.14
58.92	1.21
58.94	1.18
58.97	1.20
58.99	1.24
59.02	1.23
59.04	1.24
59.07	1.30
59.09	1.29
59.12	1.30
59.14	1.35
59.16	1.36
59.19	1.35
59.21	1.40
59.24	1.42
59.26	1.41
59.29	1.45
59.31	1.50
59.34	1.48
59.36	1.49
59.38	1.55
59.41	1.55
59.43	1.54
59.46	1.59
59.48	1.62
59.51	1.60
59.53	1.64
59.56	1.67
59.58	1.66
59.60	1.68
59.63	1.74
59.65	1.73
59.68	1.73
59.70	1.78
59.73	1.79
59.75	1.78
59.78	1.83
59.80	1.86
59.82	1.84
59.85	1.88
59.87	1.92
59.90	1.90
59.92	1.91
59.95	1.96
59.97	1.96
59.99	1.96
60.02	2.02
60.04	2.03
60.07	2.01
60.09	2.06
60.12	2.10
60.14	2.08
60.17	2.10
60.19	2.16
60.21	2.14
60.24	2.15
60.26	2.21
60.29	2.21
60.31	2.20
60.34	2.26
60.36	2.28
60.39	2.26
60.41	2.30
60.43	2.34
60.46	2.33
60.48	2.34
60.51	2.40
60.53	2.40
60.56	2.40
60.58	2.46
60.61	2.48
60.63	2.46
60.65	2.50
60.68	2.53
60.70	2.52
60.73	2.55
60.75	2.60
60.78	2.56
60.80	2.62
60.83	2.67
60.85	2.63
60.87	2.66
60.90	2.73
60.92	2.71
60.95	2.71
60.97	2.78
61.00	2.78
61.02	2.76
61.05	2.82
61.07	2.86
61.09	2.82
61.12	2.87
61.14	2.93
61.17	2.89
61.19	2.91
61.22	2.98
61.24	2.97
61.26	2.96
61.29	3.04
61.31	3.04
61.34	3.02
61.36	3.07
61.39	3.12
61.41	3.09
61.44	3.14
61.46	3.16
61.48	3.14
61.51	3.19
61.53	3.23
61.56	3.21
61.58	3.23
61.61	3.28
61.63	3.27
61.66	3.28
61.68	3.34
61.70	3.35
61.73	3.33
61.75	3.39
61.78	3.41
61.80	3.40
61.83	3.44
61.85	3.48
61.88	3.46
61.90	3.47
61.92	3.52
61.95	3.52
61.97	3.52
62.00	3.58
62.02	3.60
62.05	3.58
62.07	3.61
62.10	3.65
62.12	3.63
62.14	3.66
62.17	3.71
62.19	3.70
62.22	3.71
62.24	3.76
62.27	3.77
62.29	3.76
62.31	3.81
62.34	3.84
62.36	3.81
62.39	3.85
62.41	3.89
62.44	3.88
62.46	3.89
62.49	3.95
62.51	3.94
62.53	3.95
62.56	4.00
62.58	4.02
62.61	4.00
62.63	4.05
62.66	4.08
62.68	4.06
62.71	4.09
62.73	4.15
62.75	4.13
62.78	4.14
62.80	4.19
62.83	4.20
62.85	4.19
62.88	4.24
62.90	4.27
62.93	4.25
62.95	4.29
62.97	4.33
63.00	4.32
63.02	4.34
63.05	4.39
63.07	4.38
63.10	4.38
63.12	4.44
63.15	4.45
63.17	4.43
63.19	4.50
63.22	4.49
63.24	4.48
63.27	4.55
63.29	4.56
63.32	4.53
63.34	4.58
63.36	4.63
63.39	4.59
63.41	4.63
63.44	4.69
63.46	4.67
63.49	4.67
63.51	4.74
63.54	4.73
63.56	4.71
63.58	4.77
63.61	4.81
63.63	4.77
63.66	4.81
63.68	4.87
63.71	4.83
63.73	4.85
63.76	4.92
63.78	4.90
63.80	4.88
63.83	4.96
63.85	4.95
63.88	4.96
63.90	5.01
63.93	5.01
63.95	5.01
63.98	5.06
64.00	5.08
64.02	5.06
64.05	5.10
64.07	5.13
64.10	5.11
64.12	5.14
64.15	5.19
64.17	5.18
64.20	5.16
64.22	5.22
64.24	5.22
64.27	5.21
64.29	5.26
64.32	5.29
64.34	5.27
64.37	5.30
64.39	5.34
64.41	5.32
64.44	5.34
64.46	5.39
64.49	5.38
64.51	5.38
64.54	5.43
64.56	5.45
64.59	5.42
64.61	5.47
64.63	5.50
64.66	5.48
64.68	5.51
64.71	5.55
64.73	5.54
64.76	5.54
64.78	5.59
64.81	5.59
64.83	5.58
64.85	5.65
64.88	5.67
64.90	5.65
64.93	5.68
64.95	5.71
64.98	5.69
65.00	5.69
65.03	5.75
65.05	5.74
65.07	5.74
65.10	5.79
65.12	5.79
65.15	5.77
65.17	5.81
65.20	5.83
65.22	5.81
65.25	5.83
65.27	5.87
65.29	5.85
65.32	5.85
65.34	5.90
65.37	5.89
65.39	5.87
65.42	5.92
65.44	5.93
65.47	5.90
65.49	5.93
65.51	5.96
65.54	5.94
65.56	5.95
65.59	6.00
65.61	5.97
65.64	5.98
65.66	6.03
65.68	5.97
65.71	5.98
65.73	6.04
65.76	6.02
65.78	5.99
65.81	6.06
65.83	6.05
65.86	6.01
65.88	6.05
65.90	6.08
65.93	6.02
65.95	6.05
65.98	6.10
66.00	6.05
66.03	6.05
66.05	6.11
66.08	6.08
66.10	6.05
66.12	6.10
66.15	6.11
66.17	6.06
66.20	6.08
66.22	6.12
66.25	6.06
66.27	6.07
66.30	6.11
66.32	6.07
66.34	6.10
66.37	6.12
66.39	6.09
66.42	6.08
66.44	6.12
66.47	6.11
66.49	6.09
66.52	6.13
66.54	6.13
66.56	6.09
66.59	6.12
66.61	6.13
66.64	6.10
66.66	6.10
66.69	6.14
66.71	6.10
66.73	6.10
66.76	6.13
66.78	6.12
66.81	6.09
66.83	6.13
66.86	6.14
66.88	6.10
66.91	6.11
66.93	6.13
66.95	6.10
66.98	6.09
67.00	6.13
67.03	6.10
67.05	6.08
67.08	6.11
67.10	6.10
67.13	6.06
67.15	6.09
67.17	6.09
67.20	6.05
67.22	6.06
67.25	6.09
67.27	6.05
67.30	6.03
67.32	6.07
67.35	6.04
67.37	6.02
67.39	6.04
67.42	6.03
67.44	5.99
67.47	6.01
67.49	6.02
67.52	5.98
67.54	5.97
67.57	6.00
67.59	5.97
67.61	5.94
67.64	5.97
67.66	5.96
67.69	5.92
67.71	5.94
67.74	5.94
67.76	5.90
67.78	5.91
67.81	5.93
67.83	5.89
67.86	5.87
67.88	5.90
67.91	5.87
67.93	5.84
67.96	5.87
67.98	5.86
68.00	5.82
68.03	5.83
68.05	5.84
68.08	5.78
68.10	5.82
68.13	5.82
68.15	5.75
68.18	5.77
68.20	5.80
68.22	5.73
68.25	5.72
68.27	5.77
68.30	5.72
68.32	5.68
68.35	5.73
68.37	5.70
68.40	5.64
68.42	5.67
68.44	5.69
68.47	5.62
68.49	5.63
68.52	5.66
68.54	5.60
68.57	5.58
68.59	5.62
68.62	5.58
68.64	5.53
68.66	5.57
68.69	5.56
68.71	5.49
68.74	5.52
68.76	5.51
68.79	5.46
68.81	5.48
68.83	5.48
68.86	5.43
68.88	5.44
68.91	5.44
68.93	5.40
68.96	5.38
68.98	5.41
69.01	5.37
69.03	5.34
69.05	5.37
69.08	5.35
69.10	5.30
69.13	5.31
69.15	5.32
69.18	5.27
69.20	5.27
69.23	5.29
69.25	5.24
69.27	5.22
69.30	5.24
69.32	5.21
69.35	5.17
69.37	5.20
69.40	5.19
69.42	5.14
69.45	5.14
69.47	5.15
69.49	5.10
69.52	5.08
69.54	5.10
69.57	5.06
69.59	5.03
69.62	5.05
69.64	5.03
69.67	4.98
69.69	5.00
69.71	4.99
69.74	4.95
69.76	4.94
69.79	4.96
69.81	4.90
69.84	4.87
69.86	4.90
69.89	4.87
69.91	4.83
69.93	4.85
69.96	4.83
69.98	4.78
70.01	4.78
70.03	4.78
70.06	4.73
70.08	4.72
70.10	4.74
70.13	4.69
70.15	4.66
70.18	4.68
70.20	4.66
70.23	4.61
70.25	4.63
70.28	4.62
70.30	4.57
70.32	4.56
70.35	4.57
70.37	4.53
70.40	4.50
70.42	4.52
70.45	4.48
70.47	4.45
70.50	4.47
70.52	4.42
70.54	4.39
70.57	4.43
70.59	4.38
70.62	4.32
70.64	4.36
70.67	4.35
70.69	4.28
70.72	4.29
70.74	4.31
70.76	4.23
70.79	4.22
70.81	4.26
70.84	4.21
70.86	4.16
70.89	4.20
70.91	4.16
70.94	4.10
70.96	4.12
70.98	4.13
71.01	4.05
71.03	4.05
71.06	4.08
71.08	4.01
71.11	3.98
71.13	4.02
71.15	3.98
71.18	3.95
71.20	3.96
71.23	3.90
71.25	3.88
71.28	3.90
71.30	3.87
71.33	3.82
71.35	3.84
71.37	3.83
71.40	3.78
71.42	3.77
71.45	3.78
71.47	3.73
71.50	3.70
71.52	3.73
71.55	3.68
71.57	3.64
71.59	3.66
71.62	3.64
71.64	3.59
71.67	3.60
71.69	3.60
71.72	3.54
71.74	3.53
71.77	3.55
71.79	3.49
71.81	3.46
71.84	3.48
71.86	3.45
71.89	3.41
71.91	3.43
71.94	3.41
71.96	3.36
71.99	3.36
72.01	3.36
72.03	3.31
72.06	3.29
72.08	3.31
72.11	3.27
72.13	3.23
72.16	3.25
72.18	3.23
72.20	3.17
72.23	3.18
72.25	3.18
72.28	3.13
72.30	3.12
72.33	3.13
72.35	3.08
72.38	3.05
72.40	3.08
72.42	3.04
72.45	2.99
72.47	3.01
72.50	3.00
72.52	2.94
72.55	2.95
72.57	2.95
72.60	2.90
72.62	2.88
72.64	2.90
72.67	2.85
72.69	2.82
72.72	2.84
72.74	2.82
72.77	2.77
72.79	2.78
72.82	2.78
72.84	2.73
72.86	2.73
72.89	2.74
72.91	2.69
72.94	2.66
72.96	2.69
72.99	2.61
73.01	2.62
73.04	2.65
73.06	2.59
73.08	2.56
73.11	2.61
73.13	2.56
73.16	2.51
73.18	2.55
73.21	2.55
73.23	2.48
73.25	2.51
73.28	2.53
73.30	2.47
73.33	2.46
73.35	2.51
73.38	2.47
73.40	2.43
73.43	2.48
73.45	2.46
73.47	2.41
73.50	2.44
73.52	2.46
73.55	2.40
73.57	2.42
73.60	2.46
73.62	2.40
73.65	2.42
73.67	2.44
73.69	2.40
73.72	2.40
73.74	2.43
73.77	2.40
73.79	2.38
73.82	2.42
73.84	2.40
73.87	2.37
73.89	2.40
73.91	2.41
73.94	2.37
73.96	2.38
73.99	2.41
74.01	2.37
74.04	2.36
74.06	2.40
74.09	2.37
74.11	2.33
74.13	2.36
74.16	2.36
74.18	2.32
74.21	2.35
74.23	2.36
74.26	2.32
74.28	2.32
74.31	2.35
74.33	2.31
74.35	2.29
74.38	2.33
74.40	2.31
74.43	2.28
74.45	2.32
74.48	2.32
74.50	2.28
74.52	2.30
74.55	2.31
74.57	2.27
74.60	2.27
74.62	2.31
74.65	2.28
74.67	2.26
74.70	2.30
74.72	2.29
74.74	2.25
74.77	2.30
74.79	2.31
74.82	2.28
74.84	2.28
74.87	2.31
74.89	2.28
74.92	2.27
74.94	2.31
74.96	2.29
74.99	2.27
75.01	2.31
75.04	2.31
75.06	2.27
75.09	2.30
75.11	2.32
75.14	2.29
75.16	2.30
75.18	2.34
75.21	2.32
75.23	2.30
75.26	2.34
75.28	2.34
75.31	2.31
75.33	2.36
75.36	2.37
75.38	2.34
75.40	2.40
75.43	2.39
75.45	2.35
75.48	2.40
75.50	2.44
75.53	2.38
75.55	2.41
75.57	2.47
75.60	2.43
75.62	2.43
75.65	2.50
75.67	2.48
75.70	2.45
75.72	2.52
75.75	2.53
75.77	2.49
75.79	2.54
75.82	2.59
75.84	2.54
75.87	2.56
75.89	2.63
75.92	2.61
75.94	2.59
75.97	2.67
75.99	2.66
76.01	2.62
76.04	2.67
76.06	2.68
76.09	2.68
76.11	2.73
76.14	2.74
76.16	2.71
76.19	2.75
76.21	2.78
76.23	2.76
76.26	2.78
76.28	2.82
76.31	2.80
76.33	2.80
76.36	2.86
76.38	2.86
76.41	2.84
76.43	2.89
76.45	2.91
76.48	2.89
76.50	2.92
76.53	2.95
76.55	2.93
76.58	2.94
76.60	3.00
76.62	2.99
76.65	2.98
76.67	3.03
76.70	3.04
76.72	3.02
76.75	3.06
76.77	3.09
76.80	3.07
76.82	3.10
76.84	3.15
76.87	3.12
76.89	3.13
76.92	3.19
76.94	3.19
76.97	3.18
76.99	3.24
77.02	3.26
77.04	3.24
77.06	3.28
77.09	3.31
77.11	3.29
77.14	3.31
77.16	3.37
77.19	3.36
77.21	3.36
77.24	3.42
77.26	3.43
77.28	3.41
77.31	3.47
77.33	3.51
77.36	3.49
77.38	3.53
77.41	3.58
77.43	3.56
77.46	3.57
77.48	3.63
77.50	3.63
77.53	3.63
77.55	3.69
77.58	3.72
77.60	3.70
77.63	3.75
77.65	3.79
77.68	3.77
77.70	3.80
77.72	3.87
77.75	3.86
77.77	3.87
77.80	3.91
77.82	3.93
77.85	3.93
77.87	4.01
77.89	4.00
77.92	3.99
77.94	4.07
77.97	4.07
77.99	4.05
78.02	4.11
78.04	4.16
78.07	4.13
78.09	4.17
78.11	4.24
78.14	4.22
78.16	4.23
78.19	4.32
78.21	4.31
78.24	4.30
78.26	4.38
78.29	4.40
78.31	4.37
78.33	4.43
78.36	4.49
78.38	4.45
78.41	4.49
78.43	4.57
78.46	4.58
78.48	4.57
78.51	4.65
78.53	4.64
78.55	4.66
78.58	4.73
78.60	4.73
78.63	4.74
78.65	4.80
78.68	4.82
78.70	4.81
78.73	4.87
78.75	4.91
78.77	4.90
78.80	4.94
78.82	5.00
78.85	4.99
78.87	5.01
78.90	5.08
78.92	5.09
78.94	5.09
78.97	5.16
78.99	5.19
79.02	5.19
79.04	5.24
79.07	5.29
79.09	5.28
79.12	5.31
79.14	5.38
79.16	5.38
79.19	5.39
79.21	5.46
79.24	5.48
79.26	5.48
79.29	5.54
79.31	5.59
79.34	5.59
79.36	5.63
79.38	5.69
79.41	5.68
79.43	5.70
79.46	5.77
79.48	5.79
79.51	5.79
79.53	5.86
79.56	5.89
79.58	5.88
79.60	5.94
79.63	5.99
79.65	5.99
79.68	6.01
79.70	6.09
79.73	6.09
79.75	6.11
79.78	6.18
79.80	6.20
79.82	6.20
79.85	6.27
79.87	6.31
79.90	6.30
79.92	6.35
79.95	6.41
79.97	6.40
79.99	6.42
80.02	6.49
80.04	6.51
80.07	6.52
80.09	6.59
80.12	6.62
80.14	6.62
80.17	6.67
80.19	6.72
80.21	6.72
80.24	6.76
80.26	6.82
80.29	6.80
80.31	6.87
80.34	6.93
80.36	6.91
80.39	6.95
80.41	7.04
80.43	7.04
80.46	7.04
80.48	7.14
80.51	7.15
80.53	7.14
80.56	7.22
80.58	7.27
80.61	7.25
80.63	7.31
80.65	7.39
80.68	7.37
80.70	7.39
80.73	7.49
80.75	7.50
80.78	7.49
80.80	7.59
80.83	7.62
80.85	7.60
80.87	7.67
80.90	7.75
80.92	7.73
80.95	7.80
80.97	7.84
81.00	7.84
81.02	7.89
81.04	7.95
81.07	7.95
81.09	7.97
81.12	8.05
81.14	8.06
81.17	8.08
81.19	8.15
81.22	8.18
81.24	8.18
81.26	8.25
81.29	8.30
81.31	8.30
81.34	8.35
81.36	8.41
81.39	8.41
81.41	8.43
81.44	8.51
81.46	8.53
81.48	8.54
81.51	8.61
81.53	8.65
81.56	8.65
81.58	8.70
81.61	8.75
81.63	8.76
81.66	8.79
81.68	8.86
81.70	8.87
81.73	8.89
81.75	8.96
81.78	8.99
81.80	8.98
81.83	9.05
81.85	9.10
81.88	9.10
81.90	9.15
81.92	9.20
81.95	9.21
81.97	9.23
82.00	9.30
82.02	9.31
82.05	9.33
82.07	9.39
82.10	9.43
82.12	9.42
82.14	9.48
82.17	9.53
82.19	9.53
82.22	9.56
82.24	9.63
82.27	9.63
82.29	9.64
82.31	9.70
82.34	9.73
82.36	9.73
82.39	9.79
82.41	9.83
82.44	9.83
82.46	9.88
82.49	9.93
82.51	9.92
82.53	9.94
82.56	10.01
82.58	10.02
82.61	10.02
82.63	10.09
82.66	10.12
82.68	10.11
82.71	10.16
82.73	10.19
82.75	10.18
82.78	10.26
82.80	10.28
82.83	10.26
82.85	10.32
82.88	10.38
82.90	10.35
82.93	10.39
82.95	10.47
82.97	10.47
83.00	10.46
83.02	10.54
83.05	10.55
83.07	10.53
83.10	10.60
83.12	10.65
83.15	10.62
83.17	10.67
83.19	10.74
83.22	10.71
83.24	10.73
83.27	10.81
83.29	10.81
83.32	10.80
83.34	10.89
83.36	10.91
83.39	10.90
83.41	10.96
83.44	10.98
83.46	10.98
83.49	11.03
83.51	11.06
83.54	11.05
83.56	11.10
83.58	11.14
83.61	11.13
83.63	11.15
83.66	11.22
83.68	11.22
83.71	11.22
83.73	11.28
83.76	11.29
83.78	11.28
83.80	11.34
83.83	11.37
83.85	11.36
83.88	11.39
83.90	11.45
83.93	11.43
83.95	11.44
83.98	11.50
84.00	11.50
84.02	11.49
84.05	11.55
84.07	11.57
84.10	11.55
84.12	11.59
84.15	11.63
84.17	11.61
84.20	11.63
84.22	11.68
84.24	11.67
84.27	11.66
84.29	11.72
84.32	11.73
84.34	11.71
84.37	11.74
84.39	11.77
84.41	11.75
84.44	11.78
84.46	11.82
84.49	11.80
84.51	11.80
84.54	11.85
84.56	11.85
84.59	11.84
84.61	11.89
84.63	11.91
84.66	11.88
84.68	11.92
84.71	11.94
84.73	11.92
84.76	11.94
84.78	11.99
84.81	11.97
84.83	11.97
84.85	12.02
84.88	12.02
84.90	12.00
84.93	12.02
84.95	12.04
84.98	12.02
85.00	12.04
85.03	12.10
85.05	12.08
85.07	12.08
85.10	12.13
85.12	12.12
85.15	12.11
85.17	12.17
85.20	12.13
85.22	12.13
85.25	12.20
85.27	12.18
85.29	12.15
85.32	12.21
85.34	12.22
85.37	12.18
85.39	12.22
85.42	12.26
85.44	12.21
85.47	12.23
85.49	12.28
85.51	12.26
85.54	12.23
85.56	12.31
85.59	12.33
85.61	12.28
85.64	12.33
85.66	12.35
85.68	12.30
85.71	12.33
85.73	12.38
85.76	12.33
85.78	12.33
85.81	12.39
85.83	12.35
85.86	12.37
85.88	12.41
85.90	12.37
85.93	12.36
85.95	12.41
85.98	12.40
86.00	12.37
86.03	12.41
86.05	12.42
86.08	12.39
86.10	12.41
86.12	12.42
86.15	12.39
86.17	12.39
86.20	12.43
86.22	12.40
86.25	12.39
86.27	12.43
86.30	12.42
86.32	12.38
86.34	12.41
86.37	12.43
86.39	12.39
86.42	12.40
86.44	12.43
86.47	12.40
86.49	12.39
86.52	12.42
86.54	12.41
86.56	12.38
86.59	12.42
86.61	12.41
86.64	12.37
86.66	12.39
86.69	12.41
86.71	12.36
86.73	12.36
86.76	12.40
86.78	12.37
86.81	12.35
86.83	12.38
86.86	12.37
86.88	12.33
86.91	12.36
86.93	12.35
86.95	12.30
86.98	12.32
87.00	12.34
87.03	12.29
87.05	12.27
87.08	12.31
87.10	12.28
87.13	12.25
87.15	12.28
87.17	12.28
87.20	12.23
87.22	12.25
87.25	12.26
87.27	12.22
87.30	12.21
87.32	12.24
87.35	12.20
87.37	12.18
87.39	12.21
87.42	12.19
87.44	12.15
87.47	12.17
87.49	12.18
87.52	12.13
87.54	12.14
87.57	12.15
87.59	12.12
87.61	12.14
87.64	12.16
87.66	12.09
87.69	12.11
87.71	12.14
87.74	12.07
87.76	12.04
87.78	12.09
87.81	12.06
87.83	12.00
87.86	12.05
87.88	12.03
87.91	11.96
87.93	11.98
87.96	12.01
87.98	11.93
88.00	11.94
88.03	11.97
88.05	11.91
88.08	11.87
88.10	11.92
88.13	11.88
88.15	11.82
88.18	11.85
88.20	11.86
88.22	11.78
88.25	11.79
88.27	11.79
88.30	11.73
88.32	11.75
88.35	11.74
88.37	11.70
88.40	11.69
88.42	11.71
88.44	11.66
88.47	11.63
88.49	11.65
88.52	11.61
88.54	11.57
88.57	11.59
88.59	11.58
88.62	11.52
88.64	11.52
88.66	11.53
88.69	11.47
88.71	11.46
88.74	11.48
88.76	11.43
88.79	11.40
88.81	11.42
88.83	11.39
88.86	11.34
88.88	11.36
88.91	11.35
88.93	11.29
88.96	11.28
88.98	11.29
89.01	11.24
89.03	11.20
89.05	11.23
89.08	11.19
89.10	11.15
89.13	11.17
89.15	11.15
89.18	11.09
89.20	11.10
89.23	11.10
89.25	11.04
89.27	11.02
89.30	11.05
89.32	10.99
89.35	10.96
89.37	10.98
89.40	10.95
89.42	10.90
89.45	10.91
89.47	10.90
89.49	10.84
89.52	10.84
89.54	10.84
89.57	10.79
89.59	10.77
89.62	10.79
89.64	10.75
89.67	10.71
89.69	10.73
89.71	10.71
89.74	10.65
89.76	10.66
89.79	10.66
89.81	10.60
89.84	10.59
89.86	10.61
89.89	10.56
89.91	10.53
89.93	10.56
89.96	10.52
89.98	10.48
90.01	10.50
90.03	10.49
90.06	10.43
90.08	10.47
90.10	10.44
90.13	10.37
90.15	10.41
90.18	10.42
90.20	10.34
90.23	10.36
90.25	10.38
90.28	10.31
90.30	10.29
90.32	10.34
90.35	10.30
90.37	10.24
90.40	10.29
90.42	10.28
90.45	10.20
90.47	10.22
90.50	10.25
90.52	10.17
90.54	10.18
90.57	10.21
90.59	10.15
90.62	10.12
90.64	10.16
90.67	10.13
90.69	10.07
90.72	10.11
90.74	10.07
90.76	10.03
90.79	10.06
90.81	10.04
90.84	9.99
90.86	10.01
90.89	10.00
90.91	9.95
90.94	9.94
90.96	9.96
90.98	9.91
91.01	9.88
91.03	9.91
91.06	9.87
91.08	9.83
91.11	9.86
91.13	9.84
91.15	9.78
91.18	9.79
91.20	9.80
91.23	9.74
91.25	9.73
91.28	9.75
91.30	9.70
91.33	9.67
91.35	9.69
91.37	9.67
91.40	9.62
91.42	9.64
91.45	9.63
91.47	9.57
91.50	9.58
91.52	9.59
91.55	9.54
91.57	9.52
91.59	9.56
91.62	9.52
91.64	9.49
91.67	9.51
91.69	9.50
91.72	9.44
91.74	9.47
91.77	9.47
91.79	9.43
91.81	9.43
91.84	9.45
91.86	9.40
91.89	9.38
91.91	9.42
91.94	9.40
91.96	9.37
91.99	9.40
92.01	9.40
92.03	9.35
92.06	9.37
92.08	9.39
92.11	9.35
92.13	9.34
92.16	9.38
92.18	9.34
92.20	9.32
92.23	9.36
92.25	9.35
92.28	9.31
92.30	9.34
92.33	9.36
92.35	9.31
92.38	9.32
92.40	9.35
92.42	9.31
92.45	9.30
92.47	9.34
92.50	9.29
92.52	9.31
92.55	9.36
92.57	9.31
92.60	9.28
92.62	9.34
92.64	9.32
92.67	9.27
92.69	9.33
92.72	9.34
92.74	9.28
92.77	9.31
92.79	9.35
92.82	9.28
92.84	9.28
92.86	9.33
92.89	9.30
92.91	9.26
92.94	9.33
92.96	9.31
92.99	9.26
93.01	9.29
93.04	9.33
93.06	9.26
93.08	9.28
93.11	9.33
93.13	9.27
93.16	9.29
93.18	9.30
93.21	9.27
93.23	9.27
93.25	9.31
93.28	9.27
93.30	9.26
93.33	9.30
93.35	9.28
93.38	9.25
93.40	9.30
93.43	9.31
93.45	9.27
93.47	9.29
93.50	9.32
93.52	9.29
93.55	9.28
93.57	9.32
93.60	9.30
93.62	9.28
93.65	9.33
93.67	9.33
93.69	9.29
93.72	9.30
93.74	9.33
93.77	9.29
93.79	9.31
93.82	9.35
93.84	9.32
93.87	9.32
93.89	9.37
93.91	9.37
93.94	9.35
93.96	9.39
93.99	9.41
94.01	9.37
94.04	9.40
94.06	9.43
94.09	9.40
94.11	9.42
94.13	9.47
94.16	9.45
94.18	9.44
94.21	9.49
94.23	9.51
94.26	9.48
94.28	9.52
94.31	9.55
94.33	9.52
94.35	9.55
94.38	9.62
94.40	9.60
94.43	9.60
94.45	9.66
94.48	9.65
94.50	9.64
94.52	9.69
94.55	9.71
94.57	9.67
94.60	9.71
94.62	9.75
94.65	9.73
94.67	9.75
94.70	9.80
94.72	9.78
94.74	9.78
94.77	9.83
94.79	9.83
94.82	9.82
94.84	9.87
94.87	9.90
94.89	9.87
94.92	9.91
94.94	9.94
94.96	9.90
94.99	9.96
95.01	10.00
95.04	9.96
95.06	9.99
95.09	10.06
95.11	10.02
95.14	10.03
95.16	10.10
95.18	10.10
95.21	10.07
95.23	10.15
95.26	10.16
95.28	10.12
95.31	10.18
95.33	10.23
95.36	10.19
95.38	10.22
95.40	10.29
95.43	10.27
95.45	10.26
95.48	10.34
95.50	10.35
95.53	10.31
95.55	10.38
95.57	10.42
95.60	10.39
95.62	10.45
95.65	10.47
95.67	10.45
95.70	10.51
95.72	10.52
95.75	10.51
95.77	10.54
95.79	10.60
95.82	10.60
95.84	10.61
95.87	10.67
95.89	10.68
95.92	10.68
95.94	10.74
95.97	10.77
95.99	10.75
96.01	10.80
96.04	10.85
96.06	10.83
96.09	10.86
96.11	10.93
96.14	10.93
96.16	10.94
96.19	11.00
96.21	11.02
96.23	11.01
96.26	11.08
96.28	11.09
96.31	11.08
96.33	11.12
96.36	11.18
96.38	11.19
96.41	11.20
96.43	11.27
96.45	11.28
96.48	11.29
96.50	11.35
96.53	11.39
96.55	11.37
96.58	11.43
96.60	11.48
96.62	11.47
96.65	11.52
96.67	11.58
96.70	11.57
96.72	11.59
96.75	11.66
96.77	11.68
96.80	11.67
96.82	11.75
96.84	11.79
96.87	11.78
96.89	11.82
96.92	11.89
96.94	11.91
96.97	11.93
96.99	12.01
97.02	12.02
97.04	12.04
97.06	12.11
97.09	12.14
97.11	12.13
97.14	12.19
97.16	12.24
97.19	12.24
97.21	12.28
97.24	12.35
97.26	12.35
97.28	12.37
97.31	12.45
97.33	12.47
97.36	12.48
97.38	12.58
97.41	12.58
97.43	12.58
97.46	12.68
97.48	12.70
97.50	12.68
97.53	12.77
97.55	12.83
97.58	12.81
97.60	12.86
97.63	12.95
97.65	12.93
97.68	12.96
97.70	13.06
97.72	13.08
97.75	13.07
97.77	13.18
97.80	13.21
97.82	13.19
97.85	13.26
97.87	13.34
97.89	13.30
97.92	13.36
97.94	13.45
97.97	13.44
97.99	13.45
98.02	13.55
98.04	13.55
98.07	13.59
98.09	13.67
98.11	13.67
98.14	13.69
98.16	13.77
98.19	13.80
98.21	13.81
98.24	13.88
98.26	13.94
98.29	13.94
98.31	13.99
98.33	14.06
98.36	14.06
98.38	14.09
98.41	14.17
98.43	14.19
98.46	14.21
98.48	14.29
98.51	14.33
98.53	14.33
98.55	14.40
98.58	14.46
98.60	14.46
98.63	14.50
98.65	14.58
98.68	14.59
98.70	14.64
98.73	14.69
98.75	14.70
98.77	14.73
98.80	14.79
98.82	14.80
98.85	14.81
98.87	14.87
98.90	14.88
98.92	14.88
98.94	14.92
98.97	14.95
98.99	14.94
