Voltage U1	Corriente IA
U1/V	IA/nA

0.02	0.11
0.04	0.11
0.07	0.14
0.09	0.14
0.12	0.14
0.14	0.15
0.17	0.16
0.19	0.16
0.21	0.16
0.24	0.18
0.26	0.18
0.29	0.18
0.31	0.22
0.34	0.21
0.36	0.21
0.39	0.23
0.41	0.22
0.43	0.22
0.46	0.23
0.48	0.23
0.51	0.22
0.53	0.22
0.56	0.23
0.58	0.22
0.61	0.22
0.63	0.23
0.65	0.21
0.68	0.21
0.70	0.22
0.73	0.21
0.75	0.21
0.78	0.21
0.80	0.22
0.83	0.21
0.85	0.21
0.87	0.24
0.90	0.22
0.92	0.22
0.95	0.23
0.97	0.21
1.00	0.21
1.02	0.21
1.05	0.21
1.07	0.20
1.09	0.20
1.12	0.22
1.14	0.20
1.17	0.20
1.19	0.22
1.22	0.20
1.24	0.20
1.26	0.21
1.29	0.21
1.31	0.20
1.34	0.20
1.36	0.22
1.39	0.20
1.41	0.20
1.44	0.23
1.46	0.20
1.48	0.20
1.51	0.22
1.53	0.20
1.56	0.20
1.58	0.21
1.61	0.21
1.63	0.20
1.66	0.20
1.68	0.22
1.70	0.20
1.73	0.20
1.75	0.22
1.78	0.21
1.80	0.21
1.83	0.22
1.85	0.22
1.88	0.21
1.90	0.21
1.92	0.22
1.95	0.21
1.97	0.21
2.00	0.23
2.02	0.20
2.05	0.21
2.07	0.22
2.10	0.20
2.12	0.20
2.14	0.22
2.17	0.20
2.19	0.19
2.22	0.21
2.24	0.21
2.27	0.19
2.29	0.21
2.31	0.21
2.34	0.18
2.36	0.19
2.39	0.21
2.41	0.19
2.44	0.18
2.46	0.20
2.49	0.19
2.51	0.18
2.53	0.20
2.56	0.20
2.58	0.18
2.61	0.19
2.63	0.20
2.66	0.18
2.68	0.18
2.71	0.20
2.73	0.19
2.75	0.18
2.78	0.20
2.80	0.19
2.83	0.19
2.85	0.21
2.88	0.19
2.90	0.19
2.93	0.20
2.95	0.20
2.97	0.19
3.00	0.19
3.02	0.20
3.05	0.19
3.07	0.19
3.10	0.21
3.12	0.19
3.15	0.19
3.17	0.20
3.19	0.19
3.22	0.19
3.24	0.20
3.27	0.20
3.29	0.19
3.32	0.19
3.34	0.21
3.36	0.19
3.39	0.19
3.41	0.21
3.44	0.20
3.46	0.20
3.49	0.20
3.51	0.20
3.54	0.20
3.56	0.19
3.58	0.21
3.61	0.19
3.63	0.19
3.66	0.21
3.68	0.19
3.71	0.19
3.73	0.21
3.76	0.20
3.78	0.20
3.80	0.20
3.83	0.21
3.85	0.20
3.88	0.20
3.90	0.22
3.93	0.20
3.95	0.20
3.98	0.22
4.00	0.20
4.02	0.20
4.05	0.20
4.07	0.20
4.10	0.19
4.12	0.19
4.15	0.21
4.17	0.20
4.20	0.20
4.22	0.22
4.24	0.19
4.27	0.19
4.29	0.20
4.32	0.19
4.34	0.19
4.37	0.19
4.39	0.20
4.42	0.18
4.44	0.18
4.46	0.21
4.49	0.19
4.51	0.19
4.54	0.21
4.56	0.19
4.59	0.19
4.61	0.20
4.63	0.18
4.66	0.18
4.68	0.20
4.71	0.20
4.73	0.18
4.76	0.19
4.78	0.19
4.81	0.17
4.83	0.18
4.85	0.19
4.88	0.17
4.90	0.17
4.93	0.19
4.95	0.18
4.98	0.17
5.00	0.19
5.03	0.19
5.05	0.17
5.07	0.19
5.10	0.20
5.12	0.17
5.15	0.18
5.17	0.20
5.20	0.19
5.22	0.18
5.25	0.20
5.27	0.19
5.29	0.19
5.32	0.20
5.34	0.18
5.37	0.18
5.39	0.19
5.42	0.19
5.44	0.19
5.47	0.19
5.49	0.20
5.51	0.18
5.54	0.18
5.56	0.20
5.59	0.18
5.61	0.19
5.64	0.20
5.66	0.19
5.68	0.19
5.71	0.20
5.73	0.20
5.76	0.20
5.78	0.20
5.81	0.21
5.83	0.19
5.86	0.19
5.88	0.21
5.90	0.19
5.93	0.19
5.95	0.21
5.98	0.21
6.00	0.20
6.03	0.20
6.05	0.22
6.08	0.21
6.10	0.21
6.12	0.23
6.15	0.21
6.17	0.21
6.20	0.22
6.22	0.21
6.25	0.21
6.27	0.22
6.30	0.23
6.32	0.21
6.34	0.21
6.37	0.22
6.39	0.20
6.42	0.20
6.44	0.22
6.47	0.20
6.49	0.20
6.52	0.21
6.54	0.21
6.56	0.21
6.59	0.21
6.61	0.22
6.64	0.20
6.66	0.20
6.69	0.22
6.71	0.20
6.73	0.20
6.76	0.22
6.78	0.21
6.81	0.21
6.83	0.22
6.86	0.23
6.88	0.22
6.91	0.22
6.93	0.24
6.95	0.22
6.98	0.22
7.00	0.25
7.03	0.24
7.05	0.26
7.08	0.28
7.10	0.26
7.13	0.25
7.15	0.28
7.17	0.27
7.20	0.25
7.22	0.28
7.25	0.28
7.27	0.26
7.30	0.28
7.32	0.30
7.35	0.28
7.37	0.29
7.39	0.31
7.42	0.29
7.44	0.27
7.47	0.30
7.49	0.29
7.52	0.27
7.54	0.30
7.57	0.31
7.59	0.29
7.61	0.30
7.64	0.33
7.66	0.30
7.69	0.31
7.71	0.32
7.74	0.30
7.76	0.30
7.78	0.33
7.81	0.31
7.83	0.31
7.86	0.33
7.88	0.32
7.91	0.32
7.93	0.33
7.96	0.34
7.98	0.32
8.00	0.32
8.03	0.34
8.05	0.31
8.08	0.31
8.10	0.34
8.13	0.33
8.15	0.33
8.18	0.35
8.20	0.34
8.22	0.32
8.25	0.33
8.27	0.35
8.30	0.32
8.32	0.32
8.35	0.35
8.37	0.33
8.40	0.33
8.42	0.35
8.44	0.34
8.47	0.33
8.49	0.34
8.52	0.35
8.54	0.33
8.57	0.33
8.59	0.35
8.62	0.33
8.64	0.33
8.66	0.36
8.69	0.35
8.71	0.35
8.74	0.37
8.76	0.37
8.79	0.35
8.81	0.36
8.84	0.38
8.86	0.35
8.88	0.35
8.91	0.38
8.93	0.35
8.96	0.35
8.98	0.38
9.01	0.37
9.03	0.36
9.05	0.38
9.08	0.39
9.10	0.37
9.13	0.37
9.15	0.39
9.18	0.37
9.20	0.37
9.23	0.40
9.25	0.39
9.27	0.38
9.30	0.41
9.32	0.40
9.35	0.39
9.37	0.39
9.40	0.41
9.42	0.38
9.45	0.38
9.47	0.41
9.49	0.38
9.52	0.40
9.54	0.43
9.57	0.40
9.59	0.40
9.62	0.44
9.64	0.41
9.67	0.39
9.69	0.43
9.71	0.42
9.74	0.39
9.76	0.41
9.79	0.44
9.81	0.40
9.84	0.42
9.86	0.45
9.89	0.42
9.91	0.41
9.93	0.45
9.96	0.43
9.98	0.40
10.01	0.44
10.03	0.45
10.06	0.41
10.08	0.43
10.10	0.46
10.13	0.43
10.15	0.45
10.18	0.46
10.20	0.43
10.23	0.44
10.25	0.46
10.28	0.44
10.30	0.44
10.32	0.47
10.35	0.45
10.37	0.44
10.40	0.47
10.42	0.48
10.45	0.45
10.47	0.46
10.50	0.48
10.52	0.45
10.54	0.46
10.57	0.49
10.59	0.47
10.62	0.46
10.64	0.49
10.67	0.49
10.69	0.47
10.72	0.49
10.74	0.50
10.76	0.47
10.79	0.48
10.81	0.50
10.84	0.47
10.86	0.47
10.89	0.50
10.91	0.49
10.94	0.48
10.96	0.51
10.98	0.51
11.01	0.49
11.03	0.50
11.06	0.52
11.08	0.49
11.11	0.49
11.13	0.52
11.15	0.50
11.18	0.49
11.20	0.53
11.23	0.52
11.25	0.50
11.28	0.52
11.30	0.53
11.33	0.51
11.35	0.51
11.37	0.54
11.40	0.52
11.42	0.52
11.45	0.55
11.47	0.54
11.50	0.53
11.52	0.56
11.55	0.56
11.57	0.53
11.59	0.55
11.62	0.56
11.64	0.53
11.67	0.54
11.69	0.57
11.72	0.55
11.74	0.54
11.77	0.57
11.79	0.57
11.81	0.55
11.84	0.57
11.86	0.58
11.89	0.55
11.91	0.59
11.94	0.58
11.96	0.54
11.99	0.58
12.01	0.60
12.03	0.56
12.06	0.57
12.08	0.62
12.11	0.58
12.13	0.57
12.16	0.59
12.18	0.58
12.21	0.54
12.23	0.59
12.25	0.59
12.28	0.55
12.30	0.57
12.33	0.61
12.35	0.56
12.38	0.57
12.40	0.61
12.42	0.59
12.45	0.56
12.47	0.61
12.50	0.61
12.52	0.57
12.55	0.60
12.57	0.60
12.60	0.59
12.62	0.62
12.64	0.61
12.67	0.59
12.69	0.61
12.72	0.60
12.74	0.57
12.77	0.57
12.79	0.60
12.82	0.60
12.84	0.59
12.86	0.62
12.89	0.62
12.91	0.60
12.94	0.63
12.96	0.63
12.99	0.61
13.01	0.62
13.04	0.64
13.06	0.62
13.08	0.62
13.11	0.65
13.13	0.64
13.16	0.62
13.18	0.65
13.21	0.66
13.23	0.63
13.26	0.65
13.28	0.66
13.30	0.63
13.33	0.64
13.35	0.67
13.38	0.68
13.40	0.67
13.43	0.70
13.45	0.70
13.47	0.67
13.50	0.70
13.52	0.71
13.55	0.68
13.57	0.70
13.60	0.72
13.62	0.70
13.65	0.70
13.67	0.73
13.69	0.72
13.72	0.71
13.74	0.74
13.77	0.74
13.79	0.71
13.82	0.74
13.84	0.75
13.87	0.73
13.89	0.74
13.91	0.77
13.94	0.75
13.96	0.74
13.99	0.77
14.01	0.77
14.04	0.74
14.06	0.77
14.09	0.78
14.11	0.75
14.13	0.77
14.16	0.79
14.18	0.77
14.21	0.77
14.23	0.80
14.26	0.78
14.28	0.77
14.31	0.80
14.33	0.81
14.35	0.78
14.38	0.81
14.40	0.79
14.43	0.75
14.45	0.80
14.48	0.81
14.50	0.76
14.52	0.78
14.55	0.81
14.57	0.76
14.60	0.77
14.62	0.81
14.65	0.79
14.67	0.76
14.70	0.81
14.72	0.81
14.74	0.77
14.77	0.80
14.79	0.83
14.82	0.77
14.84	0.79
14.87	0.82
14.89	0.78
14.92	0.77
14.94	0.82
14.96	0.80
14.99	0.76
15.01	0.81
15.04	0.80
15.06	0.79
15.09	0.82
15.11	0.81
15.14	0.79
15.16	0.81
15.18	0.81
15.21	0.78
15.23	0.80
15.26	0.81
15.28	0.79
15.31	0.78
15.33	0.81
15.36	0.79
15.38	0.77
15.40	0.80
15.43	0.79
15.45	0.76
15.48	0.77
15.50	0.79
15.53	0.76
15.55	0.76
15.57	0.79
15.60	0.76
15.62	0.74
15.65	0.77
15.67	0.75
15.70	0.72
15.72	0.75
15.75	0.75
15.77	0.72
15.79	0.73
15.82	0.75
15.84	0.71
15.87	0.70
15.89	0.72
15.92	0.71
15.94	0.69
15.97	0.71
15.99	0.70
16.01	0.67
16.04	0.69
16.06	0.70
16.09	0.67
16.11	0.67
16.14	0.70
16.16	0.67
16.19	0.65
16.21	0.68
16.23	0.67
16.26	0.64
16.28	0.66
16.31	0.66
16.33	0.62
16.36	0.63
16.38	0.65
16.41	0.61
16.43	0.61
16.45	0.63
16.48	0.61
16.50	0.61
16.53	0.63
16.55	0.63
16.58	0.59
16.60	0.60
16.63	0.62
16.65	0.58
16.67	0.58
16.70	0.61
16.72	0.58
16.75	0.57
16.77	0.59
16.80	0.55
16.82	0.55
16.84	0.59
16.87	0.56
16.89	0.53
16.92	0.57
16.94	0.56
16.97	0.52
16.99	0.55
17.02	0.57
17.04	0.53
17.06	0.54
17.09	0.57
17.11	0.53
17.14	0.51
17.16	0.55
17.19	0.53
17.21	0.49
17.24	0.53
17.26	0.54
17.28	0.49
17.31	0.51
17.33	0.54
17.36	0.50
17.38	0.50
17.41	0.53
17.43	0.51
17.46	0.50
17.48	0.52
17.50	0.49
17.53	0.49
17.55	0.52
17.58	0.50
17.60	0.49
17.63	0.51
17.65	0.51
17.68	0.48
17.70	0.49
17.72	0.51
17.75	0.48
17.77	0.48
17.80	0.50
17.82	0.48
17.85	0.47
17.87	0.50
17.89	0.49
17.92	0.47
17.94	0.48
17.97	0.49
17.99	0.46
18.02	0.46
18.04	0.48
18.07	0.45
18.09	0.45
18.11	0.48
18.14	0.46
18.16	0.45
18.19	0.47
18.21	0.47
18.24	0.44
18.26	0.45
18.29	0.46
18.31	0.43
18.33	0.43
18.36	0.45
18.38	0.43
18.41	0.42
18.43	0.45
18.46	0.44
18.48	0.42
18.51	0.43
18.53	0.44
18.55	0.41
18.58	0.41
18.60	0.44
18.63	0.41
18.65	0.41
18.68	0.43
18.70	0.41
18.73	0.41
18.75	0.43
18.77	0.42
18.80	0.40
18.82	0.40
18.85	0.42
18.87	0.38
18.90	0.38
18.92	0.41
18.94	0.38
18.97	0.38
18.99	0.41
19.02	0.39
19.04	0.38
19.07	0.39
19.09	0.40
19.12	0.37
19.14	0.37
19.16	0.40
19.19	0.36
19.21	0.36
19.24	0.39
19.26	0.35
19.29	0.37
19.31	0.40
19.34	0.37
19.36	0.35
19.38	0.38
19.41	0.37
19.43	0.34
19.46	0.37
19.48	0.37
19.51	0.33
19.53	0.36
19.56	0.38
19.58	0.34
19.60	0.34
19.63	0.37
19.65	0.35
19.68	0.32
19.70	0.36
19.73	0.34
19.75	0.32
19.78	0.34
19.80	0.35
19.82	0.32
19.85	0.33
19.87	0.35
19.90	0.32
19.92	0.32
19.95	0.34
19.97	0.31
19.99	0.31
20.02	0.33
20.04	0.31
20.07	0.31
20.09	0.33
20.12	0.32
20.14	0.31
20.17	0.32
20.19	0.32
20.21	0.30
20.24	0.30
20.26	0.32
20.29	0.30
20.31	0.30
20.34	0.32
20.36	0.30
20.39	0.30
20.41	0.31
20.43	0.32
20.46	0.30
20.48	0.30
20.51	0.31
20.53	0.29
20.56	0.29
20.58	0.31
20.61	0.29
20.63	0.29
20.65	0.30
20.68	0.29
20.70	0.28
20.73	0.29
20.75	0.30
20.78	0.28
20.80	0.28
20.83	0.30
20.85	0.27
20.87	0.27
20.90	0.30
20.92	0.28
20.95	0.28
20.97	0.29
21.00	0.28
21.02	0.27
21.05	0.27
21.07	0.28
21.09	0.26
21.12	0.26
21.14	0.29
21.17	0.26
21.19	0.26
21.22	0.28
21.24	0.27
21.26	0.26
21.29	0.27
21.31	0.27
21.34	0.25
21.36	0.25
21.39	0.27
21.41	0.24
21.44	0.24
21.46	0.26
21.48	0.24
21.51	0.24
21.53	0.25
21.56	0.24
21.58	0.23
21.61	0.23
21.63	0.24
21.66	0.22
21.68	0.23
21.70	0.23
21.73	0.20
21.75	0.22
21.78	0.23
21.80	0.20
21.83	0.21
21.85	0.23
21.88	0.21
21.90	0.20
21.92	0.22
21.95	0.21
21.97	0.19
22.00	0.22
22.02	0.22
22.05	0.20
22.07	0.21
22.10	0.22
22.12	0.20
22.14	0.20
22.17	0.22
22.19	0.21
22.22	0.19
22.24	0.22
22.27	0.21
22.29	0.19
22.31	0.21
22.34	0.21
22.36	0.21
22.39	0.22
22.41	0.22
22.44	0.21
22.46	0.21
22.49	0.22
22.51	0.21
22.53	0.21
22.56	0.23
22.58	0.21
22.61	0.21
22.63	0.22
22.66	0.22
22.68	0.21
22.71	0.22
22.73	0.23
22.75	0.22
22.78	0.22
22.80	0.25
22.83	0.23
22.85	0.23
22.88	0.26
22.90	0.25
22.93	0.25
22.95	0.27
22.97	0.29
23.00	0.28
23.02	0.29
23.05	0.32
23.07	0.31
23.10	0.32
23.12	0.36
23.15	0.36
23.17	0.36
23.19	0.40
23.22	0.41
23.24	0.42
23.27	0.45
23.29	0.49
23.32	0.49
23.34	0.51
23.36	0.57
23.39	0.57
23.41	0.59
23.44	0.65
23.46	0.66
23.49	0.68
23.51	0.74
23.54	0.77
23.56	0.78
23.58	0.82
23.61	0.88
23.63	0.88
23.66	0.92
23.68	1.00
23.71	1.01
23.73	1.04
23.76	1.11
23.78	1.14
23.80	1.16
23.83	1.23
23.85	1.27
23.88	1.29
23.90	1.34
23.93	1.41
23.95	1.42
23.98	1.46
24.00	1.53
24.02	1.56
24.05	1.58
24.07	1.65
24.10	1.69
24.12	1.71
24.15	1.80
24.17	1.82
24.20	1.83
24.22	1.92
24.24	1.96
24.27	1.95
24.29	2.02
24.32	2.09
24.34	2.08
24.37	2.13
24.39	2.22
24.42	2.22
24.44	2.24
24.46	2.33
24.49	2.35
24.51	2.36
24.54	2.43
24.56	2.49
24.59	2.47
24.61	2.53
24.63	2.61
24.66	2.60
24.68	2.63
24.71	2.73
24.73	2.74
24.76	2.74
24.78	2.82
24.81	2.83
24.83	2.86
24.85	2.93
24.88	2.96
24.90	2.97
24.93	3.04
24.95	3.08
24.98	3.08
25.00	3.14
25.03	3.19
25.05	3.19
25.07	3.23
25.10	3.30
25.12	3.31
25.15	3.33
25.17	3.40
25.20	3.43
25.22	3.43
25.25	3.49
25.27	3.54
25.29	3.53
25.32	3.58
25.34	3.65
25.37	3.65
25.39	3.67
25.42	3.74
25.44	3.76
25.47	3.76
25.49	3.83
25.51	3.86
25.54	3.86
25.56	3.91
25.59	3.97
25.61	3.97
25.64	4.00
25.66	4.06
25.68	4.07
25.71	4.09
25.73	4.15
25.76	4.17
25.78	4.17
25.81	4.23
25.83	4.26
25.86	4.26
25.88	4.30
25.90	4.36
25.93	4.36
25.95	4.38
25.98	4.44
26.00	4.45
26.03	4.45
26.05	4.51
26.08	4.54
26.10	4.55
26.12	4.60
26.15	4.65
26.17	4.64
26.20	4.66
26.22	4.72
26.25	4.72
26.27	4.73
26.30	4.79
26.32	4.80
26.34	4.80
26.37	4.85
26.39	4.89
26.42	4.88
26.44	4.92
26.47	4.97
26.49	4.96
26.52	4.98
26.54	5.03
26.56	5.01
26.59	5.05
26.61	5.12
26.64	5.10
26.66	5.11
26.69	5.19
26.71	5.18
26.73	5.17
26.76	5.22
26.78	5.26
26.81	5.23
26.83	5.28
26.86	5.33
26.88	5.30
26.91	5.32
26.93	5.40
26.95	5.38
26.98	5.38
27.00	5.46
27.03	5.46
27.05	5.44
27.08	5.50
27.10	5.54
27.13	5.51
27.15	5.55
27.17	5.61
27.20	5.59
27.22	5.62
27.25	5.65
27.27	5.64
27.30	5.67
27.32	5.73
27.35	5.71
27.37	5.72
27.39	5.77
27.42	5.77
27.44	5.76
27.47	5.81
27.49	5.84
27.52	5.82
27.54	5.85
27.57	5.89
27.59	5.88
27.61	5.90
27.64	5.95
27.66	5.95
27.69	5.95
27.71	5.99
27.74	6.01
27.76	5.99
27.78	6.04
27.81	6.06
27.83	6.04
27.86	6.06
27.88	6.11
27.91	6.10
27.93	6.11
27.96	6.16
27.98	6.15
28.00	6.15
28.03	6.20
28.05	6.22
28.08	6.20
28.10	6.24
28.13	6.28
28.15	6.26
28.18	6.27
28.20	6.32
28.22	6.31
28.25	6.31
28.27	6.33
28.30	6.33
28.32	6.32
28.35	6.36
28.37	6.38
28.40	6.36
28.42	6.39
28.44	6.43
28.47	6.41
28.49	6.42
28.52	6.47
28.54	6.47
28.57	6.45
28.59	6.50
28.62	6.51
28.64	6.50
28.66	6.52
28.69	6.55
28.71	6.54
28.74	6.55
28.76	6.60
28.79	6.58
28.81	6.58
28.84	6.63
28.86	6.64
28.88	6.61
28.91	6.66
28.93	6.71
28.96	6.68
28.98	6.71
29.01	6.74
29.03	6.71
29.05	6.76
29.08	6.80
29.10	6.76
29.13	6.79
29.15	6.84
29.18	6.80
29.20	6.80
29.23	6.88
29.25	6.86
29.27	6.84
29.30	6.89
29.32	6.91
29.35	6.87
29.37	6.90
29.40	6.95
29.42	6.91
29.45	6.92
29.47	6.98
29.49	6.95
29.52	6.94
29.54	7.01
29.57	7.01
29.59	6.98
29.62	7.03
29.64	7.06
29.67	7.02
29.69	7.06
29.71	7.07
29.74	7.04
29.76	7.08
29.79	7.10
29.81	7.08
29.84	7.09
29.86	7.13
29.89	7.11
29.91	7.11
29.93	7.16
29.96	7.16
29.98	7.15
30.01	7.19
30.03	7.21
30.06	7.18
30.08	7.21
30.10	7.24
30.13	7.22
30.15	7.23
30.18	7.27
30.20	7.26
30.23	7.25
30.25	7.30
30.28	7.30
30.30	7.27
30.32	7.31
30.35	7.33
30.37	7.31
30.40	7.33
30.42	7.37
30.45	7.35
30.47	7.35
30.50	7.40
30.52	7.39
30.54	7.38
30.57	7.41
30.59	7.42
30.62	7.39
30.64	7.42
30.67	7.45
30.69	7.43
30.72	7.44
30.74	7.48
30.76	7.47
30.79	7.46
30.81	7.50
30.84	7.50
30.86	7.47
30.89	7.51
30.91	7.53
30.94	7.50
30.96	7.52
30.98	7.56
31.01	7.53
31.03	7.53
31.06	7.57
31.08	7.56
31.11	7.54
31.13	7.58
31.15	7.58
31.18	7.56
31.20	7.58
31.23	7.61
31.25	7.58
31.28	7.58
31.30	7.61
31.33	7.59
31.35	7.57
31.37	7.61
31.40	7.60
31.42	7.56
31.45	7.61
31.47	7.57
31.50	7.54
31.52	7.59
31.55	7.58
31.57	7.53
31.59	7.56
31.62	7.58
31.64	7.52
31.67	7.53
31.69	7.56
31.72	7.51
31.74	7.49
31.77	7.53
31.79	7.49
31.81	7.44
31.84	7.47
31.86	7.46
31.89	7.39
31.91	7.40
31.94	7.42
31.96	7.35
31.99	7.33
32.01	7.35
32.03	7.30
32.06	7.24
32.08	7.28
32.11	7.22
32.13	7.20
32.16	7.21
32.18	7.16
32.20	7.11
32.23	7.12
32.25	7.09
32.28	7.03
32.30	7.03
32.33	7.02
32.35	6.95
32.38	6.92
32.40	6.93
32.42	6.87
32.45	6.83
32.47	6.83
32.50	6.79
32.52	6.73
32.55	6.73
32.57	6.70
32.60	6.63
32.62	6.62
32.64	6.61
32.67	6.55
32.69	6.51
32.72	6.51
32.74	6.45
32.77	6.40
32.79	6.40
32.82	6.36
32.84	6.29
32.86	6.28
32.89	6.26
32.91	6.18
32.94	6.16
32.96	6.15
32.99	6.08
33.01	6.03
33.04	6.03
33.06	5.98
33.08	5.91
33.11	5.91
33.13	5.87
33.16	5.80
33.18	5.78
33.21	5.75
33.23	5.68
33.26	5.64
33.28	5.64
33.30	5.58
33.33	5.52
33.35	5.51
33.38	5.47
33.40	5.39
33.43	5.38
33.45	5.35
33.47	5.27
33.50	5.24
33.52	5.22
33.55	5.15
33.57	5.10
33.60	5.09
33.62	5.03
33.65	4.96
33.67	4.95
33.69	4.91
33.72	4.83
33.74	4.81
33.77	4.79
33.79	4.71
33.82	4.67
33.84	4.66
33.87	4.60
33.89	4.55
33.91	4.55
33.94	4.45
33.96	4.40
33.99	4.41
34.01	4.34
34.04	4.27
34.06	4.28
34.09	4.23
34.11	4.14
34.13	4.13
34.16	4.11
34.18	4.02
34.21	3.99
34.23	4.00
34.26	3.92
34.28	3.86
34.31	3.88
34.33	3.79
34.35	3.71
34.38	3.71
34.40	3.68
34.43	3.58
34.45	3.57
34.48	3.57
34.50	3.47
34.52	3.44
34.55	3.43
34.57	3.36
34.60	3.34
34.62	3.33
34.65	3.26
34.67	3.22
34.70	3.22
34.72	3.15
34.74	3.10
34.77	3.10
34.79	3.07
34.82	3.00
34.84	2.99
34.87	2.97
34.89	2.89
34.92	2.85
34.94	2.85
34.96	2.79
34.99	2.77
35.01	2.78
35.04	2.73
35.06	2.67
35.09	2.68
35.11	2.64
35.14	2.58
35.16	2.56
35.18	2.55
35.21	2.48
35.23	2.45
35.26	2.45
35.28	2.39
35.31	2.34
35.33	2.35
35.36	2.31
35.38	2.25
35.40	2.25
35.43	2.23
35.45	2.16
35.48	2.15
35.50	2.15
35.53	2.09
35.55	2.05
35.57	2.06
35.60	2.01
35.62	1.95
35.65	1.96
35.67	1.94
35.70	1.87
35.72	1.86
35.75	1.86
35.77	1.80
35.79	1.77
35.82	1.78
35.84	1.73
35.87	1.69
35.89	1.70
35.92	1.67
35.94	1.61
35.97	1.62
35.99	1.61
36.01	1.54
36.04	1.53
36.06	1.53
36.09	1.47
36.11	1.44
36.14	1.45
36.16	1.41
36.19	1.37
36.21	1.38
36.23	1.36
36.26	1.30
36.28	1.30
36.31	1.30
36.33	1.22
36.36	1.25
36.38	1.24
36.41	1.16
36.43	1.17
36.45	1.19
36.48	1.11
36.50	1.08
36.53	1.11
36.55	1.06
36.58	1.01
36.60	1.04
36.62	1.01
36.65	0.94
36.67	0.96
36.70	0.96
36.72	0.89
36.75	0.89
36.77	0.92
36.80	0.85
36.82	0.81
36.84	0.85
36.87	0.81
36.89	0.75
36.92	0.78
36.94	0.76
36.97	0.69
36.99	0.73
37.02	0.69
37.04	0.66
37.06	0.67
37.09	0.66
37.11	0.61
37.14	0.61
37.16	0.62
37.19	0.57
37.21	0.56
37.24	0.58
37.26	0.54
37.28	0.52
37.31	0.54
37.33	0.53
37.36	0.49
37.38	0.50
37.41	0.50
37.43	0.45
37.46	0.45
37.48	0.47
37.50	0.43
37.53	0.42
37.55	0.45
37.58	0.42
37.60	0.40
37.63	0.42
37.65	0.41
37.68	0.38
37.70	0.38
37.72	0.39
37.75	0.35
37.77	0.35
37.80	0.37
37.82	0.33
37.85	0.33
37.87	0.35
37.89	0.34
37.92	0.32
37.94	0.31
37.97	0.32
37.99	0.29
38.02	0.29
38.04	0.31
38.07	0.27
38.09	0.27
38.11	0.29
38.14	0.26
38.16	0.26
38.19	0.26
38.21	0.25
38.24	0.24
38.26	0.24
38.29	0.25
38.31	0.22
38.33	0.22
38.36	0.25
38.38	0.22
38.41	0.22
38.43	0.22
38.46	0.21
38.48	0.20
38.51	0.20
38.53	0.21
38.55	0.19
38.58	0.19
38.60	0.21
38.63	0.18
38.65	0.18
38.68	0.19
38.70	0.17
38.73	0.17
38.75	0.17
38.77	0.15
38.80	0.15
38.82	0.17
38.85	0.16
38.87	0.14
38.90	0.16
38.92	0.16
38.94	0.14
38.97	0.14
38.99	0.15
39.02	0.13
39.04	0.13
39.07	0.14
39.09	0.14
39.12	0.13
39.14	0.15
39.16	0.15
39.19	0.13
39.21	0.15
39.24	0.15
39.26	0.12
39.29	0.13
39.31	0.14
39.34	0.13
39.36	0.13
39.38	0.15
39.41	0.15
39.43	0.15
39.46	0.18
39.48	0.16
39.51	0.16
39.53	0.18
39.56	0.18
39.58	0.18
39.60	0.19
39.63	0.21
39.65	0.21
39.68	0.21
39.70	0.24
39.73	0.23
39.75	0.23
39.78	0.27
39.80	0.27
39.82	0.27
39.85	0.31
39.87	0.34
39.90	0.34
39.92	0.36
39.95	0.40
39.97	0.41
39.99	0.42
40.02	0.48
40.04	0.49
40.07	0.50
40.09	0.56
40.12	0.59
40.14	0.61
40.17	0.66
40.19	0.71
40.21	0.72
40.24	0.76
40.26	0.83
40.29	0.84
40.31	0.88
40.34	0.96
40.36	0.99
40.39	1.02
40.41	1.10
40.43	1.14
40.46	1.15
40.48	1.23
40.51	1.28
40.53	1.30
40.56	1.36
40.58	1.44
40.61	1.46
40.63	1.50
40.65	1.58
40.68	1.61
40.70	1.64
40.73	1.72
40.75	1.77
40.78	1.78
40.80	1.85
40.83	1.92
40.85	1.92
40.87	1.98
40.90	2.06
40.92	2.10
40.95	2.13
40.97	2.22
41.00	2.26
41.02	2.27
41.05	2.35
41.07	2.40
41.09	2.41
41.12	2.48
41.14	2.55
41.17	2.55
41.19	2.59
41.22	2.68
41.24	2.66
41.26	2.73
41.29	2.81
41.31	2.81
41.34	2.84
41.36	2.94
41.39	2.96
41.41	2.96
41.44	3.06
41.46	3.10
41.48	3.09
41.51	3.17
41.53	3.25
41.56	3.24
41.58	3.27
41.61	3.36
41.63	3.36
41.66	3.37
41.68	3.48
41.70	3.51
41.73	3.51
41.75	3.59
41.78	3.65
41.80	3.64
41.83	3.72
41.85	3.80
41.88	3.80
41.90	3.87
41.92	3.93
41.95	3.94
41.97	4.00
42.00	4.08
42.02	4.09
42.05	4.14
42.07	4.22
42.10	4.26
42.12	4.28
42.14	4.36
42.17	4.40
42.19	4.42
42.22	4.49
42.24	4.56
42.27	4.57
42.29	4.62
42.31	4.71
42.34	4.72
42.36	4.76
42.39	4.84
42.41	4.89
42.44	4.91
42.46	4.98
42.49	5.03
42.51	5.05
42.53	5.10
42.56	5.17
42.58	5.19
42.61	5.23
42.63	5.31
42.66	5.33
42.68	5.36
42.71	5.44
42.73	5.48
42.75	5.48
42.78	5.55
42.80	5.61
42.83	5.62
42.85	5.66
42.88	5.74
42.90	5.76
42.93	5.79
42.95	5.87
42.97	5.90
43.00	5.91
43.02	5.99
43.05	6.03
43.07	6.03
43.10	6.07
43.12	6.13
43.15	6.14
43.17	6.18
43.19	6.25
43.22	6.27
43.24	6.30
43.27	6.37
43.29	6.41
43.32	6.41
43.34	6.47
43.36	6.53
43.39	6.53
43.41	6.58
43.44	6.65
43.46	6.66
43.49	6.69
43.51	6.77
43.54	6.79
43.56	6.80
43.58	6.87
43.61	6.91
43.63	6.91
43.66	7.00
43.68	7.02
43.71	7.01
43.73	7.09
43.76	7.16
43.78	7.14
43.80	7.21
43.83	7.28
43.85	7.27
43.88	7.30
43.90	7.39
43.93	7.39
43.95	7.40
43.98	7.49
44.00	7.52
44.02	7.51
44.05	7.58
44.07	7.64
44.10	7.62
44.12	7.67
44.15	7.75
44.17	7.74
44.20	7.75
44.22	7.84
44.24	7.86
44.27	7.85
44.29	7.93
44.32	7.95
44.34	7.97
44.37	8.02
44.39	8.05
44.41	8.05
44.44	8.11
44.46	8.15
44.49	8.15
44.51	8.19
44.54	8.25
44.56	8.25
44.59	8.27
44.61	8.35
44.63	8.36
44.66	8.37
44.68	8.43
44.71	8.46
44.73	8.45
44.76	8.50
44.78	8.55
44.81	8.55
44.83	8.58
44.85	8.64
44.88	8.65
44.90	8.66
44.93	8.70
44.95	8.72
44.98	8.71
45.00	8.77
45.03	8.82
45.05	8.81
45.07	8.86
45.10	8.91
45.12	8.91
45.15	8.93
45.17	9.00
45.20	9.00
45.22	9.01
45.25	9.08
45.27	9.10
45.29	9.09
45.32	9.15
45.34	9.19
45.37	9.18
45.39	9.22
45.42	9.28
45.44	9.28
45.47	9.29
45.49	9.35
45.51	9.37
45.54	9.37
45.56	9.43
45.59	9.49
45.61	9.48
45.64	9.54
45.66	9.59
45.68	9.58
45.71	9.60
45.73	9.67
45.76	9.67
45.78	9.68
45.81	9.74
45.83	9.77
45.86	9.75
45.88	9.81
45.90	9.85
45.93	9.84
45.95	9.87
45.98	9.92
46.00	9.92
46.03	9.94
46.05	10.00
46.08	10.01
46.10	10.02
46.12	10.09
46.15	10.08
46.17	10.08
46.20	10.18
46.22	10.19
46.25	10.17
46.27	10.23
46.30	10.27
46.32	10.23
46.34	10.29
46.37	10.35
46.39	10.32
46.42	10.33
46.44	10.41
46.47	10.40
46.49	10.39
46.52	10.47
46.54	10.49
46.56	10.46
46.59	10.52
46.61	10.57
46.64	10.53
46.66	10.57
46.69	10.63
46.71	10.61
46.73	10.61
46.76	10.68
46.78	10.67
46.81	10.69
46.83	10.75
46.86	10.72
46.88	10.72
46.91	10.78
46.93	10.80
46.95	10.79
46.98	10.84
47.00	10.87
47.03	10.86
47.05	10.90
47.08	10.94
47.10	10.93
47.13	10.94
47.15	11.00
47.17	11.00
47.20	11.00
47.22	11.06
47.25	11.08
47.27	11.07
47.30	11.11
47.32	11.15
47.35	11.14
47.37	11.16
47.39	11.21
47.42	11.20
47.44	11.21
47.47	11.26
47.49	11.24
47.52	11.24
47.54	11.29
47.57	11.31
47.59	11.29
47.61	11.32
47.64	11.36
47.66	11.35
47.69	11.36
47.71	11.41
47.74	11.41
47.76	11.41
47.78	11.45
47.81	11.47
47.83	11.45
47.86	11.48
47.88	11.51
47.91	11.48
47.93	11.50
47.96	11.55
47.98	11.53
48.00	11.53
48.03	11.58
48.05	11.58
48.08	11.55
48.10	11.59
48.13	11.60
48.15	11.61
48.18	11.63
48.20	11.66
48.22	11.63
48.25	11.63
48.27	11.67
48.30	11.65
48.32	11.63
48.35	11.67
48.37	11.66
48.40	11.62
48.42	11.64
48.44	11.66
48.47	11.62
48.49	11.62
48.52	11.65
48.54	11.59
48.57	11.62
48.59	11.64
48.62	11.58
48.64	11.58
48.66	11.61
48.69	11.56
48.71	11.52
48.74	11.57
48.76	11.55
48.79	11.49
48.81	11.51
48.84	11.51
48.86	11.44
48.88	11.45
48.91	11.48
48.93	11.41
48.96	11.39
48.98	11.42
49.01	11.37
49.03	11.32
49.05	11.35
49.08	11.33
49.10	11.26
49.13	11.28
49.15	11.29
49.18	11.20
49.20	11.22
49.23	11.19
49.25	11.15
49.27	11.14
49.30	11.14
49.32	11.07
49.35	11.04
49.37	11.05
49.40	10.99
49.42	10.95
49.45	10.96
49.47	10.93
49.49	10.86
49.52	10.86
49.54	10.85
49.57	10.79
49.59	10.77
49.62	10.77
49.64	10.71
49.67	10.68
49.69	10.69
49.71	10.64
49.74	10.59
49.76	10.59
49.79	10.56
49.81	10.49
49.84	10.48
49.86	10.47
49.89	10.40
49.91	10.37
49.93	10.36
49.96	10.31
49.98	10.27
50.01	10.27
50.03	10.23
50.06	10.16
50.08	10.16
50.10	10.13
50.13	10.06
50.15	10.04
50.18	10.03
50.20	9.96
50.23	9.92
50.25	9.92
50.28	9.86
50.30	9.79
50.32	9.79
50.35	9.74
50.37	9.67
50.40	9.66
50.42	9.63
50.45	9.56
50.47	9.52
50.50	9.51
50.52	9.44
50.54	9.38
50.57	9.38
50.59	9.32
50.62	9.25
50.64	9.23
50.67	9.20
50.69	9.13
50.72	9.10
50.74	9.09
50.76	9.01
50.79	8.96
50.81	8.96
50.84	8.90
50.86	8.84
50.89	8.82
50.91	8.77
50.94	8.70
50.96	8.68
50.98	8.64
51.01	8.56
51.03	8.56
51.06	8.53
51.08	8.43
51.11	8.41
51.13	8.40
51.15	8.28
51.18	8.25
51.20	8.25
51.23	8.17
51.25	8.09
51.28	8.11
51.30	8.06
51.33	7.97
51.35	7.96
51.37	7.94
51.40	7.84
51.42	7.81
51.45	7.81
51.47	7.71
51.50	7.66
51.52	7.67
51.55	7.61
51.57	7.53
51.59	7.53
51.62	7.49
51.64	7.41
51.67	7.41
51.69	7.35
51.72	7.27
51.74	7.27
51.77	7.23
51.79	7.15
51.81	7.15
51.84	7.14
51.86	7.06
51.89	7.02
51.91	7.01
51.94	6.94
51.96	6.88
51.99	6.87
52.01	6.83
52.03	6.74
52.06	6.73
52.08	6.71
52.11	6.63
52.13	6.60
52.16	6.60
52.18	6.52
52.20	6.46
52.23	6.46
52.25	6.40
52.28	6.33
52.30	6.32
52.33	6.28
52.35	6.21
52.38	6.18
52.40	6.16
52.42	6.09
52.45	6.05
52.47	6.04
52.50	5.97
52.52	5.91
52.55	5.91
52.57	5.87
52.60	5.79
52.62	5.77
52.64	5.75
52.67	5.67
52.69	5.64
52.72	5.63
52.74	5.56
52.77	5.51
52.79	5.51
52.82	5.45
52.84	5.38
52.86	5.37
52.89	5.33
52.91	5.25
52.94	5.23
52.96	5.22
52.99	5.15
53.01	5.10
53.04	5.10
53.06	5.03
53.08	4.98
53.11	4.97
53.13	4.93
53.16	4.86
53.18	4.84
53.21	4.81
53.23	4.74
53.26	4.71
53.28	4.70
53.30	4.63
53.33	4.58
53.35	4.58
53.38	4.53
53.40	4.46
53.43	4.47
53.45	4.39
53.47	4.32
53.50	4.35
53.52	4.29
53.55	4.21
53.57	4.23
53.60	4.21
53.62	4.10
53.65	4.09
53.67	4.09
53.69	4.00
53.72	3.96
53.74	3.97
53.77	3.91
53.79	3.83
53.82	3.85
53.84	3.81
53.87	3.73
53.89	3.73
53.91	3.72
53.94	3.63
53.96	3.60
53.99	3.61
54.01	3.54
54.04	3.48
54.06	3.50
54.09	3.42
54.11	3.39
54.13	3.38
54.16	3.32
54.18	3.27
54.21	3.27
54.23	3.23
54.26	3.15
54.28	3.15
54.31	3.13
54.33	3.05
54.35	3.03
54.38	3.02
54.40	2.96
54.43	2.92
54.45	2.92
54.48	2.87
54.50	2.81
54.52	2.81
54.55	2.78
54.57	2.71
54.60	2.70
54.62	2.68
54.65	2.62
54.67	2.59
54.70	2.59
54.72	2.54
54.74	2.49
54.77	2.49
54.79	2.46
54.82	2.39
54.84	2.38
54.87	2.37
54.89	2.30
54.92	2.29
54.94	2.29
54.96	2.23
54.99	2.19
55.01	2.20
55.04	2.16
55.06	2.10
55.09	2.10
55.11	2.08
55.14	2.02
55.16	2.01
55.18	2.00
55.21	1.94
55.23	1.91
55.26	1.91
55.28	1.86
55.31	1.82
55.33	1.82
55.36	1.78
55.38	1.72
55.40	1.72
55.43	1.71
55.45	1.64
55.48	1.63
55.50	1.64
55.53	1.58
55.55	1.54
55.57	1.55
55.60	1.51
55.62	1.47
55.65	1.47
55.67	1.45
55.70	1.39
55.72	1.39
55.75	1.39
55.77	1.33
55.79	1.31
55.82	1.33
55.84	1.28
55.87	1.26
55.89	1.28
55.92	1.21
55.94	1.20
55.97	1.24
55.99	1.19
56.01	1.14
56.04	1.19
56.06	1.17
56.09	1.11
56.11	1.15
56.14	1.17
56.16	1.10
56.19	1.11
56.21	1.16
56.23	1.11
56.26	1.09
56.28	1.15
56.31	1.13
56.33	1.09
56.36	1.14
56.38	1.16
56.41	1.12
56.43	1.16
56.45	1.21
56.48	1.17
56.50	1.18
56.53	1.23
56.55	1.22
56.58	1.25
56.60	1.30
56.62	1.29
56.65	1.31
56.67	1.35
56.70	1.36
56.72	1.36
56.75	1.42
56.77	1.45
56.80	1.45
56.82	1.50
56.84	1.55
56.87	1.54
56.89	1.58
56.92	1.65
56.94	1.65
56.97	1.66
56.99	1.74
57.02	1.77
57.04	1.77
57.06	1.84
57.09	1.88
57.11	1.88
57.14	1.93
57.16	1.99
57.19	1.99
57.21	2.02
57.24	2.06
57.26	2.07
57.28	2.08
57.31	2.15
57.33	2.20
57.36	2.20
57.38	2.25
57.41	2.31
57.43	2.30
57.46	2.33
57.48	2.40
57.50	2.40
57.53	2.42
57.55	2.49
57.58	2.51
57.60	2.51
57.63	2.57
57.65	2.61
57.68	2.61
57.70	2.65
57.72	2.71
57.75	2.70
57.77	2.72
57.80	2.79
57.82	2.81
57.85	2.82
57.87	2.89
57.89	2.95
57.92	2.94
57.94	3.00
57.97	3.03
57.99	3.03
58.02	3.07
58.04	3.14
58.07	3.15
58.09	3.18
58.11	3.25
58.14	3.28
58.16	3.29
58.19	3.37
58.21	3.42
58.24	3.42
58.26	3.48
58.29	3.55
58.31	3.55
58.33	3.64
58.36	3.71
58.38	3.70
58.41	3.77
58.43	3.86
58.46	3.86
58.48	3.90
58.51	4.02
58.53	4.05
58.55	4.06
58.58	4.18
58.60	4.24
58.63	4.26
58.65	4.35
58.68	4.44
58.70	4.45
58.73	4.51
58.75	4.63
58.77	4.65
58.80	4.68
58.82	4.81
58.85	4.88
58.87	4.90
58.90	5.00
58.92	5.09
58.94	5.09
58.97	5.19
58.99	5.26
59.02	5.28
59.04	5.37
59.07	5.45
59.09	5.48
59.12	5.55
59.14	5.65
59.16	5.68
59.19	5.73
59.21	5.83
59.24	5.88
59.26	5.91
59.29	6.00
59.31	6.08
59.34	6.10
59.36	6.18
59.38	6.26
59.41	6.29
59.43	6.35
59.46	6.45
59.48	6.49
59.51	6.51
59.53	6.60
59.56	6.66
59.58	6.68
59.60	6.76
59.63	6.84
59.65	6.87
59.68	6.94
59.70	7.04
59.73	7.06
59.75	7.11
59.78	7.21
59.80	7.26
59.82	7.29
59.85	7.39
59.87	7.46
59.90	7.48
59.92	7.57
59.95	7.66
59.97	7.69
59.99	7.75
60.02	7.85
60.04	7.90
60.07	7.94
60.09	8.04
60.12	8.11
60.14	8.11
60.17	8.20
60.19	8.28
60.21	8.32
60.24	8.40
60.26	8.50
60.29	8.54
60.31	8.60
60.34	8.71
60.36	8.76
60.39	8.80
60.41	8.91
60.43	8.99
60.46	9.02
60.48	9.11
60.51	9.21
60.53	9.25
60.56	9.32
60.58	9.42
60.61	9.47
60.63	9.52
60.65	9.62
60.68	9.70
60.70	9.73
60.73	9.84
60.75	9.92
60.78	9.95
60.80	10.10
60.83	10.18
60.85	10.20
60.87	10.30
60.90	10.41
60.92	10.43
60.95	10.51
60.97	10.63
61.00	10.67
61.02	10.71
61.05	10.85
61.07	10.90
61.09	10.93
61.12	11.05
61.14	11.15
61.17	11.16
61.19	11.26
61.22	11.37
61.24	11.40
61.26	11.46
61.29	11.59
61.31	11.64
61.34	11.67
61.36	11.80
61.39	11.88
61.41	11.92
61.44	12.03
61.46	12.09
61.48	12.14
61.51	12.24
61.53	12.32
61.56	12.36
61.58	12.45
61.61	12.56
61.63	12.60
61.66	12.67
61.68	12.78
61.70	12.84
61.73	12.90
61.75	13.00
61.78	13.07
61.80	13.10
61.83	13.21
61.85	13.30
61.88	13.34
61.90	13.43
61.92	13.54
61.95	13.59
61.97	13.65
62.00	13.77
62.02	13.83
62.05	13.88
62.07	13.99
62.10	14.07
62.12	14.11
62.14	14.21
62.17	14.31
62.19	14.36
62.22	14.43
62.24	14.55
62.27	14.61
62.29	14.67
62.31	14.78
62.34	14.86
62.36	14.90
62.39	15.01
62.41	15.11
62.44	15.16
62.46	15.25
62.49	15.36
62.51	15.41
62.53	15.48
62.56	15.60
62.58	15.67
62.61	15.72
62.63	15.84
62.66	15.92
62.68	15.97
62.71	16.08
62.73	16.18
62.75	16.23
62.78	16.31
62.80	16.42
62.83	16.48
62.85	16.55
62.88	16.67
62.90	16.75
62.93	16.79
62.95	16.90
62.97	17.00
63.00	17.04
63.02	17.14
63.05	17.25
63.07	17.30
63.10	17.37
63.12	17.49
63.15	17.56
63.17	17.62
63.19	17.75
63.22	17.80
63.24	17.85
63.27	18.00
63.29	18.06
63.32	18.10
63.34	18.23
63.36	18.33
63.39	18.36
63.41	18.46
63.44	18.59
63.46	18.62
63.49	18.69
63.51	18.83
63.54	18.89
63.56	18.93
63.58	19.07
63.61	19.16
63.63	19.19
63.66	19.32
63.68	19.44
63.71	19.47
63.73	19.55
63.76	19.68
63.78	19.73
63.80	19.79
63.83	19.94
63.85	19.99
63.88	20.07
63.90	20.19
63.93	20.25
63.95	20.32
63.98	20.44
64.00	20.52
64.02	20.57
64.05	20.68
64.07	20.78
64.10	20.84
64.12	20.94
64.15	21.06
64.17	21.11
64.20	21.18
64.22	21.31
64.24	21.39
64.27	21.45
64.29	21.57
64.32	21.65
64.34	21.70
64.37	21.80
64.39	21.91
64.41	21.97
64.44	22.05
64.46	22.18
64.49	22.24
64.51	22.31
64.54	22.43
64.56	22.52
64.59	22.57
64.61	22.67
64.63	22.76
64.66	22.81
64.68	22.90
64.71	23.01
64.73	23.06
64.76	23.13
64.78	23.24
64.81	23.31
64.83	23.36
64.85	23.46
64.88	23.54
64.90	23.58
64.93	23.67
64.95	23.76
64.98	23.80
65.00	23.87
65.03	23.97
65.05	24.02
65.07	24.08
65.10	24.16
65.12	24.22
65.15	24.25
65.17	24.33
65.20	24.41
65.22	24.43
65.25	24.50
65.27	24.60
65.29	24.64
65.32	24.69
65.34	24.79
65.37	24.84
65.39	24.87
65.42	24.96
65.44	25.03
65.47	25.04
65.49	25.12
65.51	25.20
65.54	25.22
65.56	25.27
65.59	25.37
65.61	25.40
65.64	25.45
65.66	25.54
65.68	25.55
65.71	25.59
65.73	25.70
65.76	25.75
65.78	25.76
65.81	25.85
65.83	25.90
65.86	25.90
65.88	25.99
65.90	26.07
65.93	26.06
65.95	26.11
65.98	26.20
66.00	26.21
66.03	26.23
66.05	26.34
66.08	26.37
66.10	26.36
66.12	26.45
66.15	26.52
66.17	26.51
66.20	26.58
66.22	26.67
66.25	26.67
66.27	26.69
66.30	26.77
66.32	26.78
66.34	26.82
66.37	26.90
66.39	26.90
66.42	26.93
66.44	27.01
66.47	27.05
66.49	27.06
66.52	27.13
66.54	27.17
66.56	27.18
66.59	27.22
66.61	27.27
66.64	27.28
66.66	27.31
66.69	27.37
66.71	27.39
66.73	27.40
66.76	27.46
66.78	27.49
66.81	27.48
66.83	27.53
66.86	27.58
66.88	27.57
66.91	27.59
66.93	27.65
66.95	27.65
66.98	27.67
67.00	27.73
67.03	27.73
67.05	27.72
67.08	27.77
67.10	27.79
67.13	27.77
67.15	27.80
67.17	27.84
67.20	27.83
67.22	27.84
67.25	27.88
67.27	27.88
67.30	27.87
67.32	27.92
67.35	27.93
67.37	27.91
67.39	27.94
67.42	27.96
67.44	27.93
67.47	27.94
67.49	27.98
67.52	27.96
67.54	27.95
67.57	27.99
67.59	27.98
67.61	27.95
67.64	27.99
67.66	28.01
67.69	27.98
67.71	28.00
67.74	28.03
67.76	28.00
67.78	28.00
67.81	28.03
67.83	28.01
67.86	27.99
67.88	28.03
67.91	28.03
67.93	27.99
67.96	28.01
67.98	28.03
68.00	27.99
68.03	27.99
68.05	28.02
68.08	27.97
68.10	27.99
68.13	28.03
68.15	27.97
68.18	27.96
68.20	28.00
68.22	27.96
68.25	27.93
68.27	27.98
68.30	27.97
68.32	27.91
68.35	27.94
68.37	27.96
68.40	27.88
68.42	27.90
68.44	27.94
68.47	27.88
68.49	27.86
68.52	27.90
68.54	27.87
68.57	27.81
68.59	27.86
68.62	27.85
68.64	27.78
68.66	27.80
68.69	27.83
68.71	27.75
68.74	27.76
68.76	27.76
68.79	27.72
68.81	27.71
68.83	27.71
68.86	27.67
68.88	27.65
68.91	27.67
68.93	27.63
68.96	27.59
68.98	27.60
69.01	27.58
69.03	27.53
69.05	27.53
69.08	27.53
69.10	27.47
69.13	27.45
69.15	27.46
69.18	27.41
69.20	27.37
69.23	27.38
69.25	27.35
69.27	27.29
69.30	27.30
69.32	27.27
69.35	27.21
69.37	27.20
69.40	27.20
69.42	27.14
69.45	27.11
69.47	27.12
69.49	27.08
69.52	27.02
69.54	27.02
69.57	27.00
69.59	26.94
69.62	26.92
69.64	26.90
69.67	26.84
69.69	26.80
69.71	26.80
69.74	26.74
69.76	26.69
69.79	26.69
69.81	26.65
69.84	26.58
69.86	26.58
69.89	26.56
69.91	26.48
69.93	26.46
69.96	26.45
69.98	26.39
70.01	26.34
70.03	26.34
70.06	26.28
70.08	26.23
70.10	26.22
70.13	26.17
70.15	26.10
70.18	26.08
70.20	26.06
70.23	25.98
70.25	25.94
70.28	25.94
70.30	25.88
70.32	25.82
70.35	25.81
70.37	25.77
70.40	25.69
70.42	25.68
70.45	25.64
70.47	25.56
70.50	25.52
70.52	25.50
70.54	25.41
70.57	25.41
70.59	25.39
70.62	25.29
70.64	25.25
70.67	25.26
70.69	25.17
70.72	25.10
70.74	25.10
70.76	25.04
70.79	24.94
70.81	24.94
70.84	24.91
70.86	24.81
70.89	24.78
70.91	24.78
70.94	24.66
70.96	24.60
70.98	24.61
71.01	24.54
71.03	24.45
71.06	24.46
71.08	24.40
71.11	24.31
71.13	24.29
71.15	24.28
71.18	24.17
71.20	24.15
71.23	24.09
71.25	24.00
71.28	23.96
71.30	23.93
71.33	23.84
71.35	23.79
71.37	23.77
71.40	23.69
71.42	23.61
71.45	23.59
71.47	23.54
71.50	23.45
71.52	23.42
71.55	23.38
71.57	23.29
71.59	23.24
71.62	23.22
71.64	23.13
71.67	23.07
71.69	23.05
71.72	22.98
71.74	22.89
71.77	22.86
71.79	22.81
71.81	22.72
71.84	22.68
71.86	22.65
71.89	22.56
71.91	22.50
71.94	22.47
71.96	22.40
71.99	22.33
72.01	22.31
72.03	22.25
72.06	22.16
72.08	22.12
72.11	22.08
72.13	21.99
72.16	21.93
72.18	21.90
72.20	21.82
72.23	21.74
72.25	21.73
72.28	21.66
72.30	21.58
72.33	21.55
72.35	21.49
72.38	21.41
72.40	21.37
72.42	21.34
72.45	21.25
72.47	21.19
72.50	21.17
72.52	21.10
72.55	21.02
72.57	21.01
72.60	20.97
72.62	20.89
72.64	20.87
72.67	20.84
72.69	20.77
72.72	20.73
72.74	20.73
72.77	20.67
72.79	20.62
72.82	20.64
72.84	20.60
72.86	20.53
72.89	20.55
72.91	20.53
72.94	20.48
72.96	20.51
72.99	20.49
73.01	20.43
73.04	20.45
73.06	20.48
73.08	20.42
73.11	20.45
73.13	20.50
73.16	20.46
73.18	20.45
73.21	20.53
73.23	20.52
73.25	20.49
73.28	20.57
73.30	20.60
73.33	20.56
73.35	20.61
73.38	20.69
73.40	20.66
73.43	20.69
73.45	20.78
73.47	20.77
73.50	20.77
73.52	20.88
73.55	20.91
73.57	20.90
73.60	20.97
73.62	21.01
73.65	21.03
73.67	21.10
73.69	21.16
73.72	21.16
73.74	21.22
73.77	21.29
73.79	21.29
73.82	21.33
73.84	21.41
73.87	21.43
73.89	21.43
73.91	21.51
73.94	21.54
73.96	21.54
73.99	21.61
74.01	21.66
74.04	21.66
74.06	21.71
74.09	21.78
74.11	21.78
74.13	21.81
74.16	21.89
74.18	21.91
74.21	21.93
74.23	22.01
74.26	22.05
74.28	22.05
74.31	22.10
74.33	22.16
74.35	22.17
74.38	22.21
74.40	22.29
74.43	22.30
74.45	22.32
74.48	22.40
74.50	22.44
74.52	22.44
74.55	22.55
74.57	22.61
74.60	22.62
74.62	22.68
74.65	22.77
74.67	22.79
74.70	22.85
74.72	22.96
74.74	23.01
74.77	23.05
74.79	23.16
74.82	23.24
74.84	23.28
74.87	23.38
74.89	23.49
74.92	23.54
74.94	23.63
74.96	23.77
74.99	23.85
75.01	23.94
75.04	24.09
75.06	24.21
75.09	24.29
75.11	24.44
75.14	24.58
75.16	24.66
75.18	24.81
75.21	24.97
75.23	25.08
75.26	25.21
75.28	25.39
75.31	25.52
75.33	25.65
75.36	25.84
75.38	25.99
75.40	26.09
75.43	26.32
75.45	26.46
75.48	26.56
75.50	26.78
75.53	26.96
75.55	27.06
75.57	27.24
75.60	27.46
75.62	27.57
75.65	27.73
75.67	27.95
75.70	28.08
75.72	28.20
75.75	28.42
75.77	28.59
75.79	28.70
75.82	28.92
75.84	29.13
75.87	29.24
75.89	29.42
75.92	29.65
75.94	29.78
75.97	29.90
75.99	30.13
76.01	30.28
76.04	30.39
76.06	30.61
76.09	30.76
76.11	30.91
76.14	31.13
76.16	31.30
76.19	31.44
76.21	31.64
76.23	31.83
76.26	31.96
76.28	32.14
76.31	32.36
76.33	32.51
76.36	32.68
76.38	32.91
76.41	33.08
76.43	33.23
76.45	33.46
76.48	33.65
76.50	33.80
76.53	34.00
76.55	34.22
76.58	34.37
76.60	34.57
76.62	34.83
76.65	35.01
76.67	35.19
76.70	35.44
76.72	35.66
76.75	35.83
76.77	36.08
76.80	36.31
76.82	36.48
76.84	36.70
76.87	36.96
76.89	37.15
76.92	37.37
76.94	37.64
76.97	37.86
76.99	38.07
77.02	38.34
77.04	38.60
77.06	38.80
77.09	39.05
77.11	39.32
77.14	39.53
77.16	39.76
77.19	40.05
77.21	40.28
77.24	40.52
77.26	40.83
77.28	41.08
77.31	41.31
77.33	41.61
77.36	41.89
77.38	42.11
77.41	42.38
77.43	42.68
77.46	42.93
77.48	43.19
77.50	43.51
77.53	43.79
77.55	44.05
77.58	44.38
77.60	44.67
77.63	44.90
77.65	45.19
77.68	45.50
77.70	45.74
77.72	46.03
77.75	46.34
77.77	46.58
77.80	46.84
77.82	47.13
77.85	47.35
77.87	47.58
77.89	47.83
77.92	48.02
77.94	48.19
77.97	48.40
77.99	48.58
78.02	48.73
78.04	48.91
78.07	49.08
78.09	49.18
78.11	49.30
78.14	49.45
78.16	49.53
78.19	49.60
78.21	49.71
78.24	49.77
78.26	49.79
78.29	49.86
78.31	49.93
78.33	49.93
78.36	49.96
78.38	49.99
78.41	49.99
78.43	49.98
78.46	49.99
78.48	49.99
78.51	49.99
78.53	49.99
78.55	49.99
78.58	49.99
78.60	49.99
78.63	49.99
78.65	49.99
78.68	49.99
78.70	49.99
78.73	49.99
78.75	49.99
78.77	49.99
78.80	49.99
78.82	49.99
78.85	49.99
78.87	49.99
78.90	49.99
78.92	49.99
78.94	49.99
78.97	49.99
78.99	49.99
79.02	49.99
79.04	49.99
79.07	49.99
79.09	49.99
79.12	49.99
79.14	49.99
79.16	49.99
79.19	49.99
79.21	49.99
79.24	49.99
79.26	49.99
79.29	49.99
79.31	49.99
79.34	49.99
79.36	49.99
79.38	49.99
79.41	49.99
79.43	49.99
79.46	49.99
79.48	49.99
79.51	49.99
79.53	49.99
79.56	49.99
79.58	49.99
79.60	49.99
79.63	49.99
79.65	49.99
79.68	49.99
79.70	49.99
79.73	49.99
79.75	49.99
79.78	49.99
79.80	49.99
79.82	49.99
79.85	49.99
79.87	49.99
79.90	49.99
79.92	49.99
79.95	49.99
79.97	49.99
79.99	49.99
80.02	49.99
80.04	49.99
80.07	49.99
80.09	49.99
80.12	49.99
80.14	49.99
80.17	49.99
80.19	49.99
80.21	49.99
80.24	49.99
80.26	49.99
80.29	49.99
80.31	49.99
80.34	49.99
80.36	49.99
80.39	49.99
80.41	49.99
80.43	49.99
80.46	49.99
80.48	49.99
80.51	49.99
80.53	49.99
80.56	49.99
80.58	49.99
80.61	49.99
80.63	49.99
80.65	49.99
80.68	49.99
80.70	49.99
80.73	49.99
80.75	49.99
80.78	49.99
80.80	49.99
80.83	49.99
80.85	49.99
80.87	49.99
80.90	49.99
80.92	49.99
80.95	49.99
80.97	49.99
81.00	49.99
81.02	49.99
81.04	49.99
81.07	49.99
81.09	49.99
81.12	49.99
81.14	49.99
81.17	49.99
81.19	49.99
81.22	49.99
81.24	49.99
81.26	49.99
81.29	49.99
81.31	49.99
81.34	49.99
81.36	49.99
81.39	49.99
81.41	49.99
81.44	49.99
81.46	49.99
81.48	49.99
81.51	49.99
81.53	49.99
81.56	49.99
81.58	49.99
81.61	49.99
81.63	49.99
81.66	49.99
81.68	49.99
81.70	49.99
81.73	49.99
81.75	49.99
81.78	49.99
81.80	49.99
81.83	49.99
81.85	49.99
81.88	49.99
81.90	49.99
81.92	49.99
81.95	49.99
81.97	49.99
82.00	49.99
82.02	49.99
82.05	49.99
82.07	49.99
82.10	49.99
82.12	49.99
82.14	49.99
82.17	49.99
82.19	49.99
82.22	49.99
82.24	49.99
82.27	49.99
82.29	49.99
82.31	49.99
82.34	49.99
82.36	49.99
82.39	49.99
82.41	49.99
82.44	49.99
82.46	49.99
82.49	49.99
82.51	49.99
82.53	49.99
82.56	49.99
82.58	49.99
82.61	49.99
82.63	49.99
82.66	49.99
82.68	49.99
82.71	49.99
82.73	49.99
82.75	49.99
82.78	49.99
82.80	49.99
82.83	49.99
82.85	49.99
82.88	49.99
82.90	49.99
82.93	49.99
82.95	49.99
82.97	49.99
83.00	49.99
83.02	49.99
83.05	49.99
83.07	49.99
83.10	49.99
83.12	49.99
83.15	49.99
83.17	49.99
83.19	49.99
83.22	49.99
83.24	49.99
83.27	49.99
83.29	49.99
83.32	49.99
83.34	49.99
83.36	49.99
83.39	49.99
83.41	49.99
83.44	49.99
83.46	49.99
83.49	49.99
83.51	49.99
83.54	49.99
83.56	49.99
83.58	49.99
83.61	49.99
83.63	49.99
83.66	49.99
83.68	49.99
83.71	49.99
83.73	49.99
83.76	49.99
83.78	49.99
83.80	49.99
83.83	49.99
83.85	49.99
83.88	49.99
83.90	49.99
83.93	49.99
83.95	49.99
83.98	49.99
84.00	49.99
84.02	49.99
84.05	49.99
84.07	49.99
84.10	49.99
84.12	49.99
84.15	49.99
84.17	49.99
84.20	49.99
84.22	49.99
84.24	49.99
84.27	49.99
84.29	49.99
84.32	49.99
84.34	49.99
84.37	49.99
84.39	49.99
84.41	49.99
84.44	49.99
84.46	49.99
84.49	49.99
84.51	49.99
84.54	49.99
84.56	49.99
84.59	49.99
84.61	49.99
84.63	49.99
84.66	49.99
84.68	49.99
84.71	49.99
84.73	49.99
84.76	49.99
84.78	49.99
84.81	49.99
84.83	49.99
84.85	49.99
84.88	49.99
84.90	49.99
84.93	49.99
84.95	49.99
84.98	49.99
85.00	49.99
85.03	49.99
85.05	49.99
85.07	49.99
85.10	49.99
85.12	49.99
85.15	49.99
85.17	49.99
85.20	49.99
85.22	49.99
85.25	49.99
85.27	49.99
85.29	49.99
85.32	49.99
85.34	49.99
85.37	49.99
85.39	49.99
85.42	49.99
85.44	49.99
85.47	49.99
85.49	49.99
85.51	49.99
85.54	49.99
85.56	49.99
85.59	49.99
85.61	49.99
85.64	49.99
85.66	49.99
85.68	49.99
85.71	49.99
85.73	49.99
85.76	49.99
85.78	49.99
85.81	49.99
85.83	49.99
85.86	49.99
85.88	49.99
85.90	49.99
85.93	49.99
85.95	49.99
85.98	49.99
86.00	49.99
86.03	49.99
86.05	49.99
86.08	49.99
86.10	49.99
86.12	49.99
86.15	49.99
86.17	49.99
86.20	49.99
86.22	49.99
86.25	49.99
86.27	49.99
86.30	49.99
86.32	49.99
86.34	49.99
86.37	49.99
86.39	49.99
86.42	49.99
86.44	49.99
86.47	49.99
86.49	49.99
86.52	49.99
86.54	49.99
86.56	49.99
86.59	49.99
86.61	49.99
86.64	49.99
86.66	49.99
86.69	49.99
86.71	49.99
86.73	49.99
86.76	49.99
86.78	49.99
86.81	49.99
86.83	49.99
86.86	49.99
86.88	49.99
86.91	49.99
86.93	49.99
86.95	49.99
86.98	49.99
87.00	49.99
87.03	49.99
87.05	49.99
87.08	49.99
87.10	49.99
87.13	49.99
87.15	49.99
87.17	49.99
87.20	49.99
87.22	49.99
87.25	49.99
87.27	49.99
87.30	49.99
87.32	49.99
87.35	49.99
87.37	49.99
87.39	49.99
87.42	49.99
87.44	49.99
87.47	49.99
87.49	49.99
87.52	49.99
87.54	49.99
87.57	49.99
87.59	49.99
87.61	49.99
87.64	49.99
87.66	49.99
87.69	49.99
87.71	49.99
87.74	49.99
87.76	49.99
87.78	49.99
87.81	49.99
87.83	49.99
87.86	49.99
87.88	49.99
87.91	49.99
87.93	49.99
87.96	49.99
87.98	49.99
88.00	49.99
88.03	49.99
88.05	49.99
88.08	49.99
88.10	49.99
88.13	49.99
88.15	49.99
88.18	49.99
88.20	49.99
88.22	49.99
88.25	49.99
88.27	49.99
88.30	49.99
88.32	49.99
88.35	49.99
88.37	49.99
88.40	49.99
88.42	49.99
88.44	49.99
88.47	49.99
88.49	49.99
88.52	49.99
88.54	49.99
88.57	49.99
88.59	49.99
88.62	49.99
88.64	49.99
88.66	49.99
88.69	49.99
88.71	49.99
88.74	49.99
88.76	49.99
88.79	49.99
88.81	49.99
88.83	49.99
88.86	49.99
88.88	49.99
88.91	49.99
88.93	49.99
88.96	49.99
88.98	49.99
89.01	49.99
89.03	49.99
89.05	49.99
89.08	49.99
89.10	49.99
89.13	49.99
89.15	49.99
89.18	49.99
89.20	49.99
89.23	49.99
89.25	49.99
89.27	49.99
89.30	49.99
89.32	49.99
89.35	49.99
89.37	49.99
89.40	49.99
89.42	49.99
89.45	49.99
89.47	49.99
89.49	49.99
89.52	49.99
89.54	49.99
89.57	49.99
89.59	49.99
89.62	49.99
89.64	49.99
89.67	49.99
89.69	49.99
89.71	49.99
89.74	49.99
89.76	49.99
89.79	49.99
89.81	49.99
89.84	49.99
89.86	49.99
89.89	49.99
89.91	49.99
89.93	49.99
89.96	49.99
89.98	49.99
90.01	49.99
90.03	49.99
90.06	49.99
90.08	49.99
90.10	49.99
90.13	49.99
90.15	49.99
90.18	49.99
90.20	49.99
90.23	49.99
90.25	49.99
90.28	49.99
90.30	49.99
90.32	49.99
90.35	49.99
90.37	49.99
90.40	49.99
90.42	49.99
90.45	49.99
90.47	49.99
90.50	49.99
90.52	49.99
90.54	49.99
90.57	49.99
90.59	49.99
90.62	49.99
90.64	49.99
90.67	49.99
90.69	49.99
90.72	49.99
90.74	49.99
90.76	49.99
90.79	49.99
90.81	49.99
90.84	49.99
90.86	49.99
90.89	49.99
90.91	49.99
90.94	49.99
90.96	49.99
90.98	49.99
91.01	49.99
91.03	49.99
91.06	49.99
91.08	49.99
91.11	49.99
91.13	49.99
91.15	49.99
91.18	49.99
91.20	49.99
91.23	49.99
91.25	49.99
91.28	49.99
91.30	49.99
91.33	49.99
91.35	49.99
91.37	49.99
91.40	49.99
91.42	49.99
91.45	49.99
91.47	49.99
91.50	49.99
91.52	49.99
91.55	49.99
91.57	49.99
91.59	49.99
91.62	49.99
91.64	49.99
91.67	49.99
91.69	49.99
91.72	49.99
91.74	49.99
91.77	49.99
91.79	49.99
91.81	49.99
91.84	49.99
91.86	49.99
91.89	49.99
91.91	49.99
91.94	49.99
91.96	49.99
91.99	49.99
92.01	49.99
92.03	49.99
92.06	49.99
92.08	49.99
92.11	49.99
92.13	49.99
92.16	49.99
92.18	49.99
92.20	49.99
92.23	49.99
92.25	49.99
92.28	49.99
92.30	49.99
92.33	49.99
92.35	49.99
92.38	49.99
92.40	49.99
92.42	49.99
92.45	49.99
92.47	49.99
92.50	49.99
92.52	49.99
92.55	49.99
92.57	49.99
92.60	49.99
92.62	49.99
92.64	49.99
92.67	49.99
92.69	49.99
92.72	49.99
92.74	49.99
92.77	49.99
92.79	49.99
92.82	49.99
92.84	49.99
92.86	49.99
92.89	49.99
92.91	49.99
92.94	49.99
92.96	49.99
92.99	49.99
93.01	49.99
93.04	49.99
93.06	49.99
93.08	49.99
93.11	49.99
93.13	49.99
93.16	49.99
93.18	49.99
93.21	49.99
93.23	49.99
93.25	49.99
93.28	49.99
93.30	49.99
93.33	49.99
93.35	49.99
93.38	49.99
93.40	49.99
93.43	49.99
93.45	49.99
93.47	49.99
93.50	49.99
93.52	49.99
93.55	49.99
93.57	49.99
93.60	49.99
93.62	49.99
93.65	49.99
93.67	49.99
93.69	49.99
93.72	49.99
93.74	49.99
93.77	49.99
93.79	49.99
93.82	49.99
93.84	49.99
93.87	49.99
93.89	49.99
93.91	49.99
93.94	49.99
93.96	49.99
93.99	49.99
94.01	49.99
94.04	49.99
94.06	49.99
94.09	49.99
94.11	49.99
94.13	49.99
94.16	49.99
94.18	49.99
94.21	49.99
94.23	49.99
94.26	49.99
94.28	49.99
94.31	49.99
94.33	49.99
94.35	49.99
94.38	49.99
94.40	49.99
94.43	49.99
94.45	49.99
94.48	49.99
94.50	49.99
94.52	49.99
94.55	49.99
94.57	49.99
94.60	49.99
94.62	49.99
94.65	49.99
94.67	49.99
94.70	49.99
94.72	49.99
94.74	49.99
94.77	49.99
94.79	49.99
94.82	49.99
94.84	49.99
94.87	49.99
94.89	49.99
94.92	49.99
94.94	49.99
94.96	49.99
94.99	49.99
95.01	49.99
95.04	49.99
95.06	49.99
95.09	49.99
95.11	49.99
95.14	49.99
95.16	49.99
95.18	49.99
95.21	49.99
95.23	49.99
95.26	49.99
95.28	49.99
95.31	49.99
95.33	49.99
95.36	49.99
95.38	49.99
95.40	49.99
95.43	49.99
95.45	49.99
95.48	49.99
95.50	49.99
95.53	49.99
95.55	49.99
95.57	49.99
95.60	49.99
95.62	49.99
95.65	49.99
95.67	49.99
95.70	49.99
95.72	49.99
95.75	49.99
95.77	49.99
95.79	49.99
95.82	49.99
95.84	49.99
95.87	49.99
95.89	49.99
95.92	49.99
95.94	49.99
95.97	49.99
95.99	49.99
96.01	49.99
96.04	49.99
96.06	49.99
96.09	49.99
96.11	49.99
96.14	49.99
96.16	49.99
96.19	49.99
96.21	49.99
96.23	49.99
96.26	49.99
96.28	49.99
96.31	49.99
96.33	49.99
96.36	49.99
96.38	49.99
96.41	49.99
96.43	49.99
96.45	49.99
96.48	49.99
96.50	49.99
96.53	49.99
96.55	49.99
96.58	49.99
96.60	49.99
96.62	49.99
96.65	49.99
96.67	49.99
96.70	49.99
96.72	49.99
96.75	49.99
96.77	49.99
96.80	49.99
96.82	49.99
96.84	49.99
96.87	49.99
96.89	49.99
96.92	49.99
96.94	49.99
96.97	49.99
96.99	49.99
97.02	49.99
97.04	49.99
97.06	49.99
97.09	49.99
97.11	49.99
97.14	49.99
97.16	49.99
97.19	49.99
97.21	49.99
97.24	49.99
97.26	49.99
97.28	49.99
97.31	49.99
97.33	49.99
97.36	49.99
97.38	49.99
97.41	49.99
97.43	49.99
97.46	49.99
97.48	49.99
97.50	49.99
97.53	49.99
97.55	49.99
97.58	49.99
97.60	49.99
97.63	49.99
97.65	49.99
97.68	49.99
97.70	49.99
97.72	49.99
97.75	49.99
97.77	49.99
97.80	49.99
97.82	49.99
97.85	49.99
97.87	49.99
97.89	49.99
97.92	49.99
97.94	49.99
97.97	49.99
97.99	49.99
98.02	49.99
98.04	49.99
98.07	49.99
98.09	49.99
98.11	49.99
98.14	49.99
98.16	49.99
98.19	49.99
98.21	49.99
98.24	49.99
98.26	49.99
98.29	49.99
98.31	49.99
98.33	49.99
98.36	49.99
98.38	49.99
98.41	49.99
98.43	49.99
98.46	49.99
98.48	49.99
98.51	49.99
98.53	49.99
98.55	49.99
98.58	49.99
98.60	49.99
98.63	49.99
98.65	49.99
98.68	49.99
98.70	49.99
98.73	49.99
98.75	49.99
98.77	49.99
98.80	49.99
98.82	49.99
98.85	49.99
98.87	49.99
98.90	49.99
98.92	49.99
98.94	49.99
98.97	49.99
98.99	49.99
