Voltage U1	Corriente IA
U1/V	IA/nA

0.02	0.20
0.04	0.19
0.07	0.19
0.09	0.19
0.12	0.18
0.14	0.18
0.17	0.19
0.19	0.18
0.21	0.17
0.24	0.19
0.26	0.18
0.29	0.17
0.31	0.18
0.34	0.18
0.36	0.17
0.39	0.18
0.41	0.17
0.43	0.17
0.46	0.17
0.48	0.18
0.51	0.17
0.53	0.17
0.56	0.19
0.58	0.16
0.61	0.16
0.63	0.18
0.65	0.17
0.68	0.17
0.70	0.17
0.73	0.18
0.75	0.17
0.78	0.17
0.80	0.19
0.83	0.17
0.85	0.17
0.87	0.19
0.90	0.17
0.92	0.17
0.95	0.18
0.97	0.18
1.00	0.17
1.02	0.17
1.05	0.19
1.07	0.17
1.09	0.18
1.12	0.20
1.14	0.17
1.17	0.17
1.19	0.18
1.22	0.18
1.24	0.18
1.26	0.18
1.29	0.19
1.31	0.17
1.34	0.17
1.36	0.20
1.39	0.18
1.41	0.18
1.44	0.20
1.46	0.18
1.48	0.18
1.51	0.19
1.53	0.19
1.56	0.18
1.58	0.18
1.61	0.20
1.63	0.19
1.66	0.19
1.68	0.21
1.70	0.18
1.73	0.18
1.75	0.19
1.78	0.19
1.80	0.19
1.83	0.19
1.85	0.20
1.88	0.19
1.90	0.19
1.92	0.21
1.95	0.19
1.97	0.19
2.00	0.21
2.02	0.19
2.05	0.19
2.07	0.20
2.10	0.20
2.12	0.19
2.14	0.20
2.17	0.20
2.19	0.18
2.22	0.21
2.24	0.21
2.27	0.18
2.29	0.19
2.31	0.20
2.34	0.18
2.36	0.18
2.39	0.21
2.41	0.19
2.44	0.18
2.46	0.20
2.49	0.20
2.51	0.18
2.53	0.20
2.56	0.21
2.58	0.18
2.61	0.19
2.63	0.20
2.66	0.19
2.68	0.19
2.71	0.21
2.73	0.20
2.75	0.19
2.78	0.21
2.80	0.19
2.83	0.19
2.85	0.21
2.88	0.20
2.90	0.20
2.93	0.20
2.95	0.21
2.97	0.20
3.00	0.20
3.02	0.23
3.05	0.20
3.07	0.20
3.10	0.22
3.12	0.20
3.15	0.20
3.17	0.21
3.19	0.21
3.22	0.20
3.24	0.20
3.27	0.22
3.29	0.20
3.32	0.20
3.34	0.23
3.36	0.20
3.39	0.20
3.41	0.21
3.44	0.20
3.46	0.20
3.49	0.20
3.51	0.21
3.54	0.20
3.56	0.20
3.58	0.22
3.61	0.20
3.63	0.20
3.66	0.22
3.68	0.20
3.71	0.20
3.73	0.20
3.76	0.21
3.78	0.20
3.80	0.20
3.83	0.22
3.85	0.20
3.88	0.20
3.90	0.22
3.93	0.19
3.95	0.19
3.98	0.20
4.00	0.20
4.02	0.20
4.05	0.20
4.07	0.22
4.10	0.20
4.12	0.20
4.15	0.20
4.17	0.18
4.20	0.18
4.22	0.19
4.24	0.17
4.27	0.17
4.29	0.18
4.32	0.18
4.34	0.17
4.37	0.17
4.39	0.20
4.42	0.18
4.44	0.18
4.46	0.19
4.49	0.17
4.51	0.17
4.54	0.18
4.56	0.17
4.59	0.17
4.61	0.20
4.63	0.19
4.66	0.17
4.68	0.20
4.71	0.20
4.73	0.17
4.76	0.19
4.78	0.20
4.81	0.20
4.83	0.21
4.85	0.22
4.88	0.21
4.90	0.21
4.93	0.23
4.95	0.22
4.98	0.20
5.00	0.22
5.03	0.23
5.05	0.20
5.07	0.21
5.10	0.23
5.12	0.21
5.15	0.21
5.17	0.23
5.20	0.22
5.22	0.21
5.25	0.23
5.27	0.21
5.29	0.21
5.32	0.22
5.34	0.21
5.37	0.21
5.39	0.21
5.42	0.21
5.44	0.20
5.47	0.20
5.49	0.23
5.51	0.21
5.54	0.21
5.56	0.22
5.59	0.21
5.61	0.21
5.64	0.21
5.66	0.21
5.68	0.21
5.71	0.21
5.73	0.23
5.76	0.21
5.78	0.21
5.81	0.24
5.83	0.21
5.86	0.21
5.88	0.23
5.90	0.21
5.93	0.21
5.95	0.22
5.98	0.23
6.00	0.22
6.03	0.22
6.05	0.25
6.08	0.22
6.10	0.22
6.12	0.24
6.15	0.21
6.17	0.21
6.20	0.22
6.22	0.22
6.25	0.22
6.27	0.22
6.30	0.24
6.32	0.22
6.34	0.22
6.37	0.24
6.39	0.21
6.42	0.21
6.44	0.23
6.47	0.22
6.49	0.22
6.52	0.22
6.54	0.23
6.56	0.21
6.59	0.21
6.61	0.24
6.64	0.22
6.66	0.22
6.69	0.24
6.71	0.22
6.73	0.22
6.76	0.22
6.78	0.23
6.81	0.22
6.83	0.22
6.86	0.24
6.88	0.22
6.91	0.22
6.93	0.25
6.95	0.22
6.98	0.22
7.00	0.23
7.03	0.21
7.05	0.21
7.08	0.23
7.10	0.22
7.13	0.20
7.15	0.23
7.17	0.23
7.20	0.21
7.22	0.22
7.25	0.23
7.27	0.20
7.30	0.21
7.32	0.23
7.35	0.21
7.37	0.20
7.39	0.23
7.42	0.22
7.44	0.20
7.47	0.22
7.49	0.22
7.52	0.20
7.54	0.21
7.57	0.22
7.59	0.20
7.61	0.20
7.64	0.23
7.66	0.21
7.69	0.21
7.71	0.24
7.74	0.22
7.76	0.22
7.78	0.23
7.81	0.22
7.83	0.22
7.86	0.22
7.88	0.23
7.91	0.22
7.93	0.22
7.96	0.25
7.98	0.23
8.00	0.23
8.03	0.25
8.05	0.22
8.08	0.22
8.10	0.23
8.13	0.22
8.15	0.22
8.18	0.22
8.20	0.24
8.22	0.22
8.25	0.22
8.27	0.25
8.30	0.22
8.32	0.22
8.35	0.24
8.37	0.22
8.40	0.22
8.42	0.23
8.44	0.23
8.47	0.22
8.49	0.22
8.52	0.24
8.54	0.22
8.57	0.22
8.59	0.24
8.62	0.21
8.64	0.21
8.66	0.22
8.69	0.22
8.71	0.22
8.74	0.22
8.76	0.23
8.79	0.21
8.81	0.21
8.84	0.24
8.86	0.22
8.88	0.22
8.91	0.23
8.93	0.21
8.96	0.21
8.98	0.22
9.01	0.22
9.03	0.21
9.05	0.21
9.08	0.23
9.10	0.21
9.13	0.21
9.15	0.23
9.18	0.21
9.20	0.21
9.23	0.22
9.25	0.21
9.27	0.21
9.30	0.21
9.32	0.23
9.35	0.21
9.37	0.21
9.40	0.22
9.42	0.19
9.45	0.19
9.47	0.22
9.49	0.19
9.52	0.20
9.54	0.22
9.57	0.20
9.59	0.19
9.62	0.22
9.64	0.22
9.67	0.20
9.69	0.22
9.71	0.22
9.74	0.19
9.76	0.20
9.79	0.22
9.81	0.20
9.84	0.20
9.86	0.22
9.89	0.21
9.91	0.19
9.93	0.22
9.96	0.22
9.98	0.19
10.01	0.21
10.03	0.22
10.06	0.21
10.08	0.22
10.10	0.24
10.13	0.21
10.15	0.21
10.18	0.24
10.20	0.22
10.23	0.22
10.25	0.24
10.28	0.21
10.30	0.21
10.32	0.22
10.35	0.21
10.37	0.21
10.40	0.21
10.42	0.23
10.45	0.21
10.47	0.21
10.50	0.24
10.52	0.21
10.54	0.21
10.57	0.23
10.59	0.21
10.62	0.21
10.64	0.21
10.67	0.22
10.69	0.21
10.72	0.21
10.74	0.23
10.76	0.21
10.79	0.21
10.81	0.23
10.84	0.20
10.86	0.20
10.89	0.21
10.91	0.21
10.94	0.21
10.96	0.21
10.98	0.22
11.01	0.21
11.03	0.21
11.06	0.23
11.08	0.21
11.11	0.21
11.13	0.22
11.15	0.20
11.18	0.20
11.20	0.21
11.23	0.21
11.25	0.20
11.28	0.20
11.30	0.23
11.33	0.21
11.35	0.21
11.37	0.23
11.40	0.21
11.42	0.21
11.45	0.21
11.47	0.21
11.50	0.21
11.52	0.21
11.55	0.23
11.57	0.21
11.59	0.21
11.62	0.23
11.64	0.21
11.67	0.21
11.69	0.22
11.72	0.21
11.74	0.21
11.77	0.21
11.79	0.22
11.81	0.21
11.84	0.21
11.86	0.23
11.89	0.21
11.91	0.21
11.94	0.21
11.96	0.19
11.99	0.20
12.01	0.22
12.03	0.20
12.06	0.19
12.08	0.22
12.11	0.21
12.13	0.20
12.16	0.22
12.18	0.22
12.21	0.19
12.23	0.21
12.25	0.22
12.28	0.20
12.30	0.20
12.33	0.22
12.35	0.21
12.38	0.19
12.40	0.22
12.42	0.22
12.45	0.20
12.47	0.22
12.50	0.23
12.52	0.20
12.55	0.20
12.57	0.22
12.60	0.21
12.62	0.21
12.64	0.23
12.67	0.21
12.69	0.21
12.72	0.23
12.74	0.21
12.77	0.21
12.79	0.22
12.82	0.21
12.84	0.21
12.86	0.21
12.89	0.22
12.91	0.21
12.94	0.21
12.96	0.24
12.99	0.21
13.01	0.21
13.04	0.23
13.06	0.21
13.08	0.21
13.11	0.22
13.13	0.22
13.16	0.21
13.18	0.21
13.21	0.24
13.23	0.23
13.26	0.23
13.28	0.25
13.30	0.22
13.33	0.22
13.35	0.23
13.38	0.22
13.40	0.22
13.43	0.22
13.45	0.24
13.47	0.22
13.50	0.22
13.52	0.24
13.55	0.22
13.57	0.22
13.60	0.23
13.62	0.22
13.65	0.22
13.67	0.22
13.69	0.23
13.72	0.22
13.74	0.22
13.77	0.24
13.79	0.22
13.82	0.22
13.84	0.24
13.87	0.21
13.89	0.21
13.91	0.22
13.94	0.22
13.96	0.22
13.99	0.22
14.01	0.23
14.04	0.21
14.06	0.21
14.09	0.24
14.11	0.21
14.13	0.21
14.16	0.23
14.18	0.21
14.21	0.21
14.23	0.22
14.26	0.23
14.28	0.22
14.31	0.22
14.33	0.24
14.35	0.22
14.38	0.25
14.40	0.25
14.43	0.22
14.45	0.23
14.48	0.24
14.50	0.22
14.52	0.22
14.55	0.25
14.57	0.23
14.60	0.21
14.62	0.25
14.65	0.25
14.67	0.22
14.70	0.24
14.72	0.25
14.74	0.22
14.77	0.23
14.79	0.25
14.82	0.23
14.84	0.22
14.87	0.25
14.89	0.24
14.92	0.22
14.94	0.24
14.96	0.24
14.99	0.22
15.01	0.23
15.04	0.22
15.06	0.22
15.09	0.22
15.11	0.23
15.14	0.22
15.16	0.22
15.18	0.25
15.21	0.22
15.23	0.22
15.26	0.24
15.28	0.22
15.31	0.22
15.33	0.23
15.36	0.23
15.38	0.22
15.40	0.22
15.43	0.24
15.45	0.22
15.48	0.22
15.50	0.24
15.53	0.21
15.55	0.21
15.57	0.22
15.60	0.22
15.62	0.22
15.65	0.22
15.67	0.23
15.70	0.21
15.72	0.21
15.75	0.24
15.77	0.22
15.79	0.22
15.82	0.23
15.84	0.22
15.87	0.22
15.89	0.22
15.92	0.23
15.94	0.21
15.97	0.21
15.99	0.24
16.01	0.21
16.04	0.21
16.06	0.24
16.09	0.21
16.11	0.21
16.14	0.22
16.16	0.21
16.19	0.21
16.21	0.21
16.23	0.22
16.26	0.21
16.28	0.21
16.31	0.23
16.33	0.21
16.36	0.21
16.38	0.23
16.41	0.20
16.43	0.20
16.45	0.21
16.48	0.21
16.50	0.20
16.53	0.20
16.55	0.22
16.58	0.20
16.60	0.20
16.63	0.22
16.65	0.19
16.67	0.19
16.70	0.21
16.72	0.19
16.75	0.19
16.77	0.19
16.80	0.19
16.82	0.17
16.84	0.20
16.87	0.20
16.89	0.18
16.92	0.19
16.94	0.20
16.97	0.17
16.99	0.18
17.02	0.19
17.04	0.18
17.06	0.17
17.09	0.19
17.11	0.19
17.14	0.17
17.16	0.19
17.19	0.19
17.21	0.16
17.24	0.17
17.26	0.18
17.28	0.16
17.31	0.16
17.33	0.18
17.36	0.17
17.38	0.16
17.41	0.17
17.43	0.17
17.46	0.17
17.48	0.19
17.50	0.17
17.53	0.17
17.55	0.17
17.58	0.17
17.60	0.17
17.63	0.17
17.65	0.18
17.68	0.17
17.70	0.17
17.72	0.19
17.75	0.16
17.77	0.16
17.80	0.17
17.82	0.16
17.85	0.16
17.87	0.16
17.89	0.17
17.92	0.16
17.94	0.16
17.97	0.18
17.99	0.16
18.02	0.17
18.04	0.18
18.07	0.16
18.09	0.16
18.11	0.17
18.14	0.17
18.16	0.16
18.19	0.16
18.21	0.18
18.24	0.16
18.26	0.16
18.29	0.18
18.31	0.16
18.33	0.16
18.36	0.17
18.38	0.16
18.41	0.16
18.43	0.16
18.46	0.17
18.48	0.16
18.51	0.16
18.53	0.18
18.55	0.17
18.58	0.17
18.60	0.18
18.63	0.16
18.65	0.16
18.68	0.17
18.70	0.17
18.73	0.17
18.75	0.17
18.77	0.19
18.80	0.17
18.82	0.17
18.85	0.19
18.87	0.17
18.90	0.17
18.92	0.18
18.94	0.17
18.97	0.17
18.99	0.17
19.02	0.19
19.04	0.18
19.07	0.18
19.09	0.20
19.12	0.18
19.14	0.18
19.16	0.19
19.19	0.17
19.21	0.17
19.24	0.20
19.26	0.18
19.29	0.18
19.31	0.20
19.34	0.19
19.36	0.18
19.38	0.20
19.41	0.20
19.43	0.17
19.46	0.18
19.48	0.19
19.51	0.17
19.53	0.17
19.56	0.20
19.58	0.19
19.60	0.17
19.63	0.20
19.65	0.20
19.68	0.18
19.70	0.19
19.73	0.20
19.75	0.18
19.78	0.18
19.80	0.20
19.82	0.18
19.85	0.18
19.87	0.20
19.90	0.18
19.92	0.18
19.95	0.19
19.97	0.17
19.99	0.17
20.02	0.18
20.04	0.18
20.07	0.18
20.09	0.18
20.12	0.19
20.14	0.18
20.17	0.18
20.19	0.20
20.21	0.18
20.24	0.18
20.26	0.19
20.29	0.18
20.31	0.18
20.34	0.18
20.36	0.18
20.39	0.17
20.41	0.17
20.43	0.18
20.46	0.17
20.48	0.17
20.51	0.19
20.53	0.16
20.56	0.16
20.58	0.17
20.61	0.16
20.63	0.16
20.65	0.16
20.68	0.17
20.70	0.16
20.73	0.16
20.75	0.18
20.78	0.16
20.80	0.16
20.83	0.17
20.85	0.16
20.87	0.16
20.90	0.16
20.92	0.16
20.95	0.15
20.97	0.15
21.00	0.17
21.02	0.16
21.05	0.16
21.07	0.17
21.09	0.15
21.12	0.15
21.14	0.16
21.17	0.16
21.19	0.16
21.22	0.16
21.24	0.16
21.26	0.15
21.29	0.15
21.31	0.17
21.34	0.16
21.36	0.16
21.39	0.17
21.41	0.16
21.44	0.16
21.46	0.16
21.48	0.16
21.51	0.16
21.53	0.16
21.56	0.17
21.58	0.16
21.61	0.16
21.63	0.17
21.66	0.15
21.68	0.15
21.70	0.16
21.73	0.14
21.75	0.14
21.78	0.16
21.80	0.15
21.83	0.15
21.85	0.17
21.88	0.17
21.90	0.15
21.92	0.16
21.95	0.17
21.97	0.15
22.00	0.15
22.02	0.17
22.05	0.15
22.07	0.15
22.10	0.17
22.12	0.16
22.14	0.15
22.17	0.17
22.19	0.17
22.22	0.15
22.24	0.15
22.27	0.17
22.29	0.15
22.31	0.15
22.34	0.16
22.36	0.16
22.39	0.16
22.41	0.18
22.44	0.16
22.46	0.16
22.49	0.17
22.51	0.16
22.53	0.16
22.56	0.16
22.58	0.17
22.61	0.16
22.63	0.16
22.66	0.18
22.68	0.16
22.71	0.16
22.73	0.18
22.75	0.16
22.78	0.16
22.80	0.17
22.83	0.16
22.85	0.16
22.88	0.16
22.90	0.17
22.93	0.16
22.95	0.16
22.97	0.18
23.00	0.17
23.02	0.17
23.05	0.18
23.07	0.16
23.10	0.16
23.12	0.17
23.15	0.17
23.17	0.16
23.19	0.16
23.22	0.18
23.24	0.16
23.27	0.16
23.29	0.18
23.32	0.16
23.34	0.16
23.36	0.17
23.39	0.16
23.41	0.16
23.44	0.16
23.46	0.17
23.49	0.16
23.51	0.16
23.54	0.18
23.56	0.16
23.58	0.16
23.61	0.18
23.63	0.16
23.66	0.16
23.68	0.17
23.71	0.17
23.73	0.16
23.76	0.16
23.78	0.18
23.80	0.17
23.83	0.17
23.85	0.18
23.88	0.16
23.90	0.16
23.93	0.17
23.95	0.16
23.98	0.17
24.00	0.17
24.02	0.18
24.05	0.16
24.07	0.16
24.10	0.18
24.12	0.17
24.15	0.18
24.17	0.19
24.20	0.16
24.22	0.17
24.24	0.19
24.27	0.17
24.29	0.17
24.32	0.19
24.34	0.18
24.37	0.17
24.39	0.18
24.42	0.19
24.44	0.16
24.46	0.17
24.49	0.19
24.51	0.17
24.54	0.17
24.56	0.19
24.59	0.18
24.61	0.17
24.63	0.19
24.66	0.19
24.68	0.17
24.71	0.19
24.73	0.20
24.76	0.18
24.78	0.18
24.81	0.19
24.83	0.18
24.85	0.18
24.88	0.20
24.90	0.18
24.93	0.18
24.95	0.20
24.98	0.18
25.00	0.18
25.03	0.19
25.05	0.18
25.07	0.18
25.10	0.18
25.12	0.20
25.15	0.18
25.17	0.18
25.20	0.20
25.22	0.18
25.25	0.18
25.27	0.20
25.29	0.19
25.32	0.19
25.34	0.19
25.37	0.19
25.39	0.18
25.42	0.18
25.44	0.20
25.47	0.18
25.49	0.18
25.51	0.20
25.54	0.18
25.56	0.18
25.59	0.19
25.61	0.18
25.64	0.18
25.66	0.18
25.68	0.19
25.71	0.18
25.73	0.18
25.76	0.20
25.78	0.18
25.81	0.18
25.83	0.20
25.86	0.18
25.88	0.18
25.90	0.19
25.93	0.19
25.95	0.18
25.98	0.18
26.00	0.20
26.03	0.19
26.05	0.19
26.08	0.20
26.10	0.18
26.12	0.18
26.15	0.19
26.17	0.19
26.20	0.19
26.22	0.19
26.25	0.20
26.27	0.19
26.30	0.19
26.32	0.22
26.34	0.19
26.37	0.19
26.39	0.21
26.42	0.20
26.44	0.20
26.47	0.21
26.49	0.21
26.52	0.20
26.54	0.20
26.56	0.20
26.59	0.19
26.61	0.21
26.64	0.21
26.66	0.19
26.69	0.20
26.71	0.21
26.73	0.20
26.76	0.20
26.78	0.22
26.81	0.21
26.83	0.20
26.86	0.22
26.88	0.22
26.91	0.20
26.93	0.21
26.95	0.22
26.98	0.20
27.00	0.21
27.03	0.22
27.05	0.21
27.08	0.20
27.10	0.22
27.13	0.21
27.15	0.20
27.17	0.22
27.20	0.22
27.22	0.20
27.25	0.22
27.27	0.21
27.30	0.20
27.32	0.20
27.35	0.22
27.37	0.20
27.39	0.20
27.42	0.23
27.44	0.20
27.47	0.20
27.49	0.22
27.52	0.21
27.54	0.21
27.57	0.22
27.59	0.22
27.61	0.21
27.64	0.21
27.66	0.23
27.69	0.21
27.71	0.21
27.74	0.23
27.76	0.21
27.78	0.21
27.81	0.23
27.83	0.22
27.86	0.22
27.88	0.22
27.91	0.23
27.93	0.22
27.96	0.22
27.98	0.24
28.00	0.22
28.03	0.22
28.05	0.24
28.08	0.23
28.10	0.23
28.13	0.24
28.15	0.24
28.18	0.23
28.20	0.23
28.22	0.24
28.25	0.22
28.27	0.22
28.30	0.25
28.32	0.23
28.35	0.23
28.37	0.24
28.40	0.24
28.42	0.23
28.44	0.23
28.47	0.24
28.49	0.23
28.52	0.23
28.54	0.26
28.57	0.23
28.59	0.23
28.62	0.25
28.64	0.24
28.66	0.24
28.69	0.25
28.71	0.25
28.74	0.24
28.76	0.24
28.79	0.25
28.81	0.23
28.84	0.23
28.86	0.26
28.88	0.24
28.91	0.24
28.93	0.25
28.96	0.25
28.98	0.24
29.01	0.26
29.03	0.24
29.05	0.23
29.08	0.25
29.10	0.25
29.13	0.23
29.15	0.25
29.18	0.26
29.20	0.24
29.23	0.25
29.25	0.27
29.27	0.25
29.30	0.24
29.32	0.27
29.35	0.26
29.37	0.24
29.40	0.26
29.42	0.26
29.45	0.24
29.47	0.25
29.49	0.27
29.52	0.25
29.54	0.25
29.57	0.27
29.59	0.26
29.62	0.24
29.64	0.27
29.67	0.25
29.69	0.25
29.71	0.27
29.74	0.25
29.76	0.25
29.79	0.27
29.81	0.27
29.84	0.26
29.86	0.26
29.89	0.28
29.91	0.25
29.93	0.25
29.96	0.28
29.98	0.26
30.01	0.26
30.03	0.28
30.06	0.28
30.08	0.27
30.10	0.28
30.13	0.29
30.15	0.27
30.18	0.27
30.20	0.29
30.23	0.27
30.25	0.27
30.28	0.27
30.30	0.26
30.32	0.26
30.35	0.28
30.37	0.28
30.40	0.27
30.42	0.27
30.45	0.29
30.47	0.26
30.50	0.26
30.52	0.29
30.54	0.27
30.57	0.27
30.59	0.29
30.62	0.28
30.64	0.27
30.67	0.28
30.69	0.29
30.72	0.27
30.74	0.27
30.76	0.29
30.79	0.26
30.81	0.26
30.84	0.29
30.86	0.28
30.89	0.27
30.91	0.29
30.94	0.31
30.96	0.30
30.98	0.30
31.01	0.31
31.03	0.29
31.06	0.29
31.08	0.32
31.11	0.29
31.13	0.29
31.15	0.31
31.18	0.31
31.20	0.30
31.23	0.31
31.25	0.33
31.28	0.31
31.30	0.31
31.33	0.33
31.35	0.30
31.37	0.30
31.40	0.33
31.42	0.31
31.45	0.31
31.47	0.34
31.50	0.31
31.52	0.30
31.55	0.33
31.57	0.32
31.59	0.29
31.62	0.32
31.64	0.34
31.67	0.30
31.69	0.33
31.72	0.35
31.74	0.32
31.77	0.32
31.79	0.35
31.81	0.33
31.84	0.31
31.86	0.34
31.89	0.34
31.91	0.30
31.94	0.33
31.96	0.35
31.99	0.32
32.01	0.34
32.03	0.36
32.06	0.34
32.08	0.32
32.11	0.35
32.13	0.33
32.16	0.33
32.18	0.36
32.20	0.34
32.23	0.34
32.25	0.36
32.28	0.35
32.30	0.34
32.33	0.34
32.35	0.35
32.38	0.33
32.40	0.33
32.42	0.35
32.45	0.33
32.47	0.33
32.50	0.36
32.52	0.34
32.55	0.34
32.57	0.36
32.60	0.35
32.62	0.33
32.64	0.34
32.67	0.35
32.69	0.33
32.72	0.33
32.74	0.35
32.77	0.34
32.79	0.34
32.82	0.35
32.84	0.35
32.86	0.34
32.89	0.34
32.91	0.36
32.94	0.33
32.96	0.33
32.99	0.36
33.01	0.33
33.04	0.33
33.06	0.36
33.08	0.34
33.11	0.33
33.13	0.35
33.16	0.35
33.18	0.33
33.21	0.33
33.23	0.35
33.26	0.32
33.28	0.32
33.30	0.35
33.33	0.32
33.35	0.32
33.38	0.34
33.40	0.34
33.43	0.32
33.45	0.33
33.47	0.34
33.50	0.32
33.52	0.32
33.55	0.34
33.57	0.31
33.60	0.31
33.62	0.34
33.65	0.32
33.67	0.32
33.69	0.34
33.72	0.33
33.74	0.31
33.77	0.31
33.79	0.33
33.82	0.30
33.84	0.30
33.87	0.33
33.89	0.30
33.91	0.32
33.94	0.34
33.96	0.31
33.99	0.30
34.01	0.33
34.04	0.31
34.06	0.29
34.09	0.32
34.11	0.31
34.13	0.28
34.16	0.31
34.18	0.32
34.21	0.29
34.23	0.30
34.26	0.33
34.28	0.30
34.31	0.28
34.33	0.31
34.35	0.30
34.38	0.27
34.40	0.30
34.43	0.31
34.45	0.28
34.48	0.30
34.50	0.32
34.52	0.29
34.55	0.29
34.57	0.30
34.60	0.28
34.62	0.28
34.65	0.31
34.67	0.28
34.70	0.28
34.72	0.30
34.74	0.28
34.77	0.28
34.79	0.30
34.82	0.30
34.84	0.28
34.87	0.28
34.89	0.30
34.92	0.27
34.94	0.27
34.96	0.30
34.99	0.28
35.01	0.28
35.04	0.29
35.06	0.29
35.09	0.28
35.11	0.28
35.14	0.29
35.16	0.27
35.18	0.27
35.21	0.30
35.23	0.27
35.26	0.27
35.28	0.29
35.31	0.28
35.33	0.28
35.36	0.28
35.38	0.29
35.40	0.27
35.43	0.27
35.45	0.29
35.48	0.26
35.50	0.27
35.53	0.29
35.55	0.27
35.57	0.26
35.60	0.28
35.62	0.27
35.65	0.26
35.67	0.26
35.70	0.27
35.72	0.25
35.75	0.25
35.77	0.28
35.79	0.25
35.82	0.25
35.84	0.27
35.87	0.25
35.89	0.25
35.92	0.26
35.94	0.26
35.97	0.24
35.99	0.24
36.01	0.26
36.04	0.24
36.06	0.24
36.09	0.26
36.11	0.24
36.14	0.24
36.16	0.25
36.19	0.25
36.21	0.24
36.23	0.24
36.26	0.25
36.28	0.23
36.31	0.23
36.33	0.25
36.36	0.23
36.38	0.24
36.41	0.25
36.43	0.22
36.45	0.23
36.48	0.25
36.50	0.23
36.53	0.22
36.55	0.24
36.58	0.23
36.60	0.21
36.62	0.23
36.65	0.24
36.67	0.21
36.70	0.22
36.72	0.24
36.75	0.22
36.77	0.21
36.80	0.23
36.82	0.22
36.84	0.20
36.87	0.23
36.89	0.23
36.92	0.20
36.94	0.21
36.97	0.22
36.99	0.20
37.02	0.21
37.04	0.21
37.06	0.20
37.09	0.20
37.11	0.21
37.14	0.20
37.16	0.20
37.19	0.21
37.21	0.19
37.24	0.19
37.26	0.20
37.28	0.20
37.31	0.19
37.33	0.19
37.36	0.20
37.38	0.19
37.41	0.19
37.43	0.21
37.46	0.18
37.48	0.18
37.50	0.20
37.53	0.18
37.55	0.18
37.58	0.18
37.60	0.19
37.63	0.18
37.65	0.18
37.68	0.20
37.70	0.18
37.72	0.18
37.75	0.19
37.77	0.17
37.80	0.17
37.82	0.18
37.85	0.17
37.87	0.17
37.89	0.17
37.92	0.18
37.94	0.16
37.97	0.16
37.99	0.18
38.02	0.16
38.04	0.16
38.07	0.17
38.09	0.15
38.11	0.15
38.14	0.16
38.16	0.16
38.19	0.15
38.21	0.15
38.24	0.17
38.26	0.15
38.29	0.15
38.31	0.17
38.33	0.14
38.36	0.14
38.38	0.15
38.41	0.14
38.43	0.14
38.46	0.14
38.48	0.16
38.51	0.15
38.53	0.15
38.55	0.16
38.58	0.14
38.60	0.14
38.63	0.15
38.65	0.14
38.68	0.14
38.70	0.14
38.73	0.14
38.75	0.13
38.77	0.14
38.80	0.14
38.82	0.12
38.85	0.14
38.87	0.14
38.90	0.12
38.92	0.12
38.94	0.13
38.97	0.12
38.99	0.12
39.02	0.13
39.04	0.13
39.07	0.12
39.09	0.13
39.12	0.13
39.14	0.12
39.16	0.12
39.19	0.13
39.21	0.12
39.24	0.12
39.26	0.13
39.29	0.12
39.31	0.12
39.34	0.14
39.36	0.13
39.38	0.12
39.41	0.14
39.43	0.13
39.46	0.13
39.48	0.13
39.51	0.13
39.53	0.13
39.56	0.13
39.58	0.15
39.60	0.14
39.63	0.14
39.65	0.15
39.68	0.13
39.70	0.13
39.73	0.15
39.75	0.14
39.78	0.14
39.80	0.14
39.82	0.15
39.85	0.14
39.87	0.14
39.90	0.16
39.92	0.15
39.95	0.15
39.97	0.15
39.99	0.14
40.02	0.14
40.04	0.15
40.07	0.14
40.09	0.14
40.12	0.14
40.14	0.16
40.17	0.15
40.19	0.15
40.21	0.17
40.24	0.15
40.26	0.15
40.29	0.17
40.31	0.17
40.34	0.17
40.36	0.17
40.39	0.18
40.41	0.18
40.43	0.18
40.46	0.20
40.48	0.18
40.51	0.18
40.53	0.21
40.56	0.19
40.58	0.19
40.61	0.21
40.63	0.23
40.65	0.23
40.68	0.23
40.70	0.25
40.73	0.24
40.75	0.24
40.78	0.26
40.80	0.25
40.83	0.25
40.85	0.27
40.87	0.27
40.90	0.26
40.92	0.28
40.95	0.29
40.97	0.28
41.00	0.28
41.02	0.30
41.05	0.28
41.07	0.28
41.09	0.31
41.12	0.30
41.14	0.31
41.17	0.33
41.19	0.33
41.22	0.32
41.24	0.35
41.26	0.33
41.29	0.31
41.31	0.35
41.34	0.35
41.36	0.32
41.39	0.35
41.41	0.37
41.44	0.35
41.46	0.36
41.48	0.39
41.51	0.37
41.53	0.35
41.56	0.39
41.58	0.38
41.61	0.35
41.63	0.39
41.66	0.40
41.68	0.37
41.70	0.40
41.73	0.43
41.75	0.40
41.78	0.40
41.80	0.44
41.83	0.43
41.85	0.40
41.88	0.45
41.90	0.42
41.92	0.42
41.95	0.46
41.97	0.44
42.00	0.44
42.02	0.47
42.05	0.48
42.07	0.46
42.10	0.47
42.12	0.49
42.14	0.47
42.17	0.47
42.19	0.51
42.22	0.50
42.24	0.49
42.27	0.53
42.29	0.52
42.31	0.51
42.34	0.53
42.36	0.55
42.39	0.53
42.41	0.54
42.44	0.57
42.46	0.54
42.49	0.54
42.51	0.58
42.53	0.58
42.56	0.57
42.58	0.60
42.61	0.61
42.63	0.59
42.66	0.61
42.68	0.63
42.71	0.61
42.73	0.61
42.75	0.64
42.78	0.63
42.80	0.63
42.83	0.66
42.85	0.66
42.88	0.64
42.90	0.67
42.93	0.68
42.95	0.66
42.97	0.67
43.00	0.71
43.02	0.69
43.05	0.69
43.07	0.73
43.10	0.72
43.12	0.70
43.15	0.74
43.17	0.74
43.19	0.72
43.22	0.76
43.24	0.78
43.27	0.76
43.29	0.77
43.32	0.80
43.34	0.79
43.36	0.78
43.39	0.81
43.41	0.82
43.44	0.79
43.46	0.82
43.49	0.84
43.51	0.81
43.54	0.83
43.56	0.86
43.58	0.84
43.61	0.84
43.63	0.88
43.66	0.84
43.68	0.86
43.71	0.90
43.73	0.87
43.76	0.86
43.78	0.92
43.80	0.91
43.83	0.88
43.85	0.92
43.88	0.91
43.90	0.87
43.93	0.90
43.95	0.94
43.98	0.89
44.00	0.89
44.02	0.94
44.05	0.93
44.07	0.90
44.10	0.93
44.12	0.93
44.15	0.89
44.17	0.93
44.20	0.95
44.22	0.91
44.24	0.94
44.27	0.98
44.29	0.95
44.32	0.96
44.34	0.98
44.37	0.95
44.39	0.95
44.41	0.98
44.44	0.96
44.46	0.96
44.49	0.99
44.51	0.99
44.54	0.97
44.56	1.00
44.59	1.01
44.61	0.99
44.63	1.00
44.66	1.03
44.68	1.01
44.71	1.01
44.73	1.05
44.76	1.07
44.78	1.05
44.81	1.09
44.83	1.09
44.85	1.07
44.88	1.09
44.90	1.11
44.93	1.08
44.95	1.09
44.98	1.12
45.00	1.11
45.03	1.10
45.05	1.14
45.07	1.13
45.10	1.11
45.12	1.14
45.15	1.15
45.17	1.13
45.20	1.14
45.22	1.17
45.25	1.15
45.27	1.15
45.29	1.18
45.32	1.17
45.34	1.15
45.37	1.19
45.39	1.19
45.42	1.16
45.44	1.19
45.47	1.21
45.49	1.18
45.51	1.18
45.54	1.22
45.56	1.20
45.59	1.19
45.61	1.22
45.64	1.21
45.66	1.19
45.68	1.22
45.71	1.23
45.73	1.21
45.76	1.22
45.78	1.25
45.81	1.22
45.83	1.22
45.86	1.26
45.88	1.25
45.90	1.23
45.93	1.26
45.95	1.27
45.98	1.24
46.00	1.26
46.03	1.28
46.05	1.25
46.08	1.26
46.10	1.28
46.12	1.24
46.15	1.27
46.17	1.31
46.20	1.26
46.22	1.26
46.25	1.31
46.27	1.29
46.30	1.26
46.32	1.31
46.34	1.31
46.37	1.27
46.39	1.31
46.42	1.33
46.44	1.29
46.47	1.31
46.49	1.35
46.52	1.32
46.54	1.30
46.56	1.35
46.59	1.34
46.61	1.30
46.64	1.35
46.66	1.36
46.69	1.32
46.71	1.35
46.73	1.38
46.76	1.34
46.78	1.36
46.81	1.38
46.83	1.35
46.86	1.37
46.88	1.39
46.91	1.37
46.93	1.37
46.95	1.40
46.98	1.39
47.00	1.37
47.03	1.40
47.05	1.41
47.08	1.38
47.10	1.40
47.13	1.42
47.15	1.40
47.17	1.40
47.20	1.43
47.22	1.41
47.25	1.40
47.27	1.43
47.30	1.42
47.32	1.40
47.35	1.43
47.37	1.44
47.39	1.41
47.42	1.43
47.44	1.45
47.47	1.43
47.49	1.42
47.52	1.45
47.54	1.44
47.57	1.42
47.59	1.46
47.61	1.46
47.64	1.43
47.66	1.46
47.69	1.47
47.71	1.44
47.74	1.45
47.76	1.48
47.78	1.46
47.81	1.45
47.83	1.48
47.86	1.48
47.88	1.45
47.91	1.47
47.93	1.49
47.96	1.46
47.98	1.48
48.00	1.50
48.03	1.47
48.05	1.47
48.08	1.50
48.10	1.49
48.13	1.47
48.15	1.50
48.18	1.51
48.20	1.48
48.22	1.49
48.25	1.51
48.27	1.49
48.30	1.49
48.32	1.52
48.35	1.50
48.37	1.49
48.40	1.52
48.42	1.51
48.44	1.49
48.47	1.51
48.49	1.52
48.52	1.49
48.54	1.53
48.57	1.52
48.59	1.48
48.62	1.51
48.64	1.54
48.66	1.48
48.69	1.50
48.71	1.53
48.74	1.49
48.76	1.47
48.79	1.52
48.81	1.50
48.84	1.46
48.86	1.50
48.88	1.52
48.91	1.46
48.93	1.48
48.96	1.51
48.98	1.46
49.01	1.46
49.03	1.50
49.05	1.47
49.08	1.44
49.10	1.49
49.13	1.47
49.15	1.43
49.18	1.46
49.20	1.45
49.23	1.43
49.25	1.46
49.27	1.46
49.30	1.42
49.32	1.44
49.35	1.45
49.37	1.42
49.40	1.42
49.42	1.44
49.45	1.41
49.47	1.39
49.49	1.42
49.52	1.41
49.54	1.38
49.57	1.40
49.59	1.41
49.62	1.37
49.64	1.38
49.67	1.40
49.69	1.37
49.71	1.36
49.74	1.38
49.76	1.37
49.79	1.33
49.81	1.35
49.84	1.35
49.86	1.32
49.89	1.33
49.91	1.34
49.93	1.30
49.96	1.30
49.98	1.33
50.01	1.30
50.03	1.29
50.06	1.31
50.08	1.30
50.10	1.27
50.13	1.29
50.15	1.29
50.18	1.26
50.20	1.27
50.23	1.29
50.25	1.25
50.28	1.24
50.30	1.27
50.32	1.25
50.35	1.23
50.37	1.25
50.40	1.25
50.42	1.21
50.45	1.24
50.47	1.26
50.50	1.22
50.52	1.21
50.54	1.24
50.57	1.21
50.59	1.19
50.62	1.21
50.64	1.20
50.67	1.16
50.69	1.18
50.72	1.19
50.74	1.15
50.76	1.15
50.79	1.18
50.81	1.14
50.84	1.13
50.86	1.16
50.89	1.13
50.91	1.10
50.94	1.13
50.96	1.13
50.98	1.09
51.01	1.13
51.03	1.10
51.06	1.06
51.08	1.10
51.11	1.10
51.13	1.04
51.15	1.07
51.18	1.10
51.20	1.04
51.23	1.03
51.25	1.07
51.28	1.03
51.30	1.00
51.33	1.05
51.35	1.03
51.37	0.98
51.40	1.01
51.42	1.02
51.45	0.96
51.47	0.97
51.50	1.01
51.52	0.96
51.55	0.94
51.57	0.99
51.59	0.96
51.62	0.91
51.64	0.96
51.67	0.93
51.69	0.91
51.72	0.93
51.74	0.92
51.77	0.88
51.79	0.90
51.81	0.90
51.84	0.86
51.86	0.87
51.89	0.89
51.91	0.85
51.94	0.84
51.96	0.87
51.99	0.85
52.01	0.82
52.03	0.85
52.06	0.84
52.08	0.80
52.11	0.82
52.13	0.83
52.16	0.79
52.18	0.79
52.20	0.82
52.23	0.79
52.25	0.77
52.28	0.80
52.30	0.78
52.33	0.74
52.35	0.76
52.38	0.77
52.40	0.73
52.42	0.74
52.45	0.76
52.47	0.73
52.50	0.72
52.52	0.74
52.55	0.72
52.57	0.69
52.60	0.72
52.62	0.72
52.64	0.68
52.67	0.69
52.69	0.70
52.72	0.67
52.74	0.66
52.77	0.69
52.79	0.66
52.82	0.64
52.84	0.67
52.86	0.65
52.89	0.63
52.91	0.65
52.94	0.65
52.96	0.61
52.99	0.62
53.01	0.64
53.04	0.60
53.06	0.59
53.08	0.62
53.11	0.60
53.13	0.58
53.16	0.61
53.18	0.60
53.21	0.57
53.23	0.58
53.26	0.59
53.28	0.56
53.30	0.56
53.33	0.58
53.35	0.55
53.38	0.54
53.40	0.57
53.43	0.52
53.45	0.52
53.47	0.55
53.50	0.52
53.52	0.49
53.55	0.53
53.57	0.52
53.60	0.47
53.62	0.50
53.65	0.52
53.67	0.47
53.69	0.49
53.72	0.52
53.74	0.48
53.77	0.46
53.79	0.50
53.82	0.47
53.84	0.43
53.87	0.47
53.89	0.47
53.91	0.43
53.94	0.45
53.96	0.47
53.99	0.43
54.01	0.43
54.04	0.46
54.06	0.43
54.09	0.43
54.11	0.45
54.13	0.41
54.16	0.41
54.18	0.44
54.21	0.42
54.23	0.41
54.26	0.43
54.28	0.43
54.31	0.40
54.33	0.41
54.35	0.42
54.38	0.38
54.40	0.38
54.43	0.40
54.45	0.37
54.48	0.37
54.50	0.39
54.52	0.38
54.55	0.36
54.57	0.37
54.60	0.38
54.62	0.35
54.65	0.35
54.67	0.38
54.70	0.34
54.72	0.34
54.74	0.37
54.77	0.34
54.79	0.34
54.82	0.36
54.84	0.36
54.87	0.34
54.89	0.34
54.92	0.35
54.94	0.32
54.96	0.32
54.99	0.35
55.01	0.33
55.04	0.32
55.06	0.34
55.09	0.33
55.11	0.33
55.14	0.33
55.16	0.34
55.18	0.31
55.21	0.31
55.23	0.34
55.26	0.31
55.28	0.31
55.31	0.33
55.33	0.31
55.36	0.31
55.38	0.32
55.40	0.32
55.43	0.30
55.45	0.30
55.48	0.31
55.50	0.28
55.53	0.28
55.55	0.31
55.57	0.28
55.60	0.28
55.62	0.30
55.65	0.28
55.67	0.27
55.70	0.28
55.72	0.28
55.75	0.26
55.77	0.27
55.79	0.29
55.82	0.26
55.84	0.26
55.87	0.29
55.89	0.26
55.92	0.27
55.94	0.29
55.97	0.27
55.99	0.25
56.01	0.28
56.04	0.27
56.06	0.25
56.09	0.27
56.11	0.27
56.14	0.24
56.16	0.25
56.19	0.27
56.21	0.24
56.23	0.24
56.26	0.27
56.28	0.25
56.31	0.23
56.33	0.26
56.36	0.26
56.38	0.23
56.41	0.26
56.43	0.27
56.45	0.23
56.48	0.24
56.50	0.27
56.53	0.24
56.55	0.24
56.58	0.26
56.60	0.24
56.62	0.24
56.65	0.26
56.67	0.24
56.70	0.24
56.72	0.26
56.75	0.25
56.77	0.25
56.80	0.25
56.82	0.26
56.84	0.25
56.87	0.25
56.89	0.28
56.92	0.25
56.94	0.25
56.97	0.28
56.99	0.26
57.02	0.26
57.04	0.28
57.06	0.28
57.09	0.27
57.11	0.27
57.14	0.29
57.16	0.27
57.19	0.27
57.21	0.30
57.24	0.27
57.26	0.27
57.28	0.29
57.31	0.29
57.33	0.29
57.36	0.30
57.38	0.30
57.41	0.29
57.43	0.29
57.46	0.31
57.48	0.29
57.50	0.29
57.53	0.32
57.55	0.30
57.58	0.30
57.60	0.32
57.63	0.32
57.65	0.31
57.68	0.31
57.70	0.33
57.72	0.30
57.75	0.30
57.77	0.33
57.80	0.31
57.82	0.31
57.85	0.33
57.87	0.32
57.89	0.32
57.92	0.34
57.94	0.35
57.97	0.33
57.99	0.33
58.02	0.35
58.04	0.33
58.07	0.33
58.09	0.36
58.11	0.34
58.14	0.34
58.16	0.37
58.19	0.37
58.21	0.35
58.24	0.36
58.26	0.38
58.29	0.35
58.31	0.37
58.33	0.38
58.36	0.34
58.38	0.37
58.41	0.40
58.43	0.37
58.46	0.38
58.48	0.42
58.51	0.39
58.53	0.37
58.55	0.41
58.58	0.39
58.60	0.36
58.63	0.40
58.65	0.42
58.68	0.38
58.70	0.41
58.73	0.44
58.75	0.41
58.77	0.40
58.80	0.44
58.82	0.42
58.85	0.39
58.87	0.43
58.90	0.44
58.92	0.41
58.94	0.44
58.97	0.45
58.99	0.44
59.02	0.46
59.04	0.48
59.07	0.45
59.09	0.45
59.12	0.49
59.14	0.46
59.16	0.46
59.19	0.50
59.21	0.49
59.24	0.49
59.26	0.52
59.29	0.52
59.31	0.50
59.34	0.51
59.36	0.53
59.38	0.51
59.41	0.51
59.43	0.56
59.46	0.53
59.48	0.53
59.51	0.57
59.53	0.56
59.56	0.55
59.58	0.58
59.60	0.59
59.63	0.56
59.65	0.58
59.68	0.61
59.70	0.58
59.73	0.58
59.75	0.62
59.78	0.60
59.80	0.59
59.82	0.63
59.85	0.63
59.87	0.61
59.90	0.63
59.92	0.65
59.95	0.63
59.97	0.64
59.99	0.67
60.02	0.65
60.04	0.64
60.07	0.69
60.09	0.68
60.12	0.66
60.14	0.69
60.17	0.70
60.19	0.67
60.21	0.69
60.24	0.72
60.26	0.69
60.29	0.70
60.31	0.74
60.34	0.72
60.36	0.71
60.39	0.75
60.41	0.75
60.43	0.72
60.46	0.75
60.48	0.77
60.51	0.74
60.53	0.76
60.56	0.79
60.58	0.77
60.61	0.77
60.63	0.81
60.65	0.80
60.68	0.78
60.70	0.82
60.73	0.83
60.75	0.79
60.78	0.86
60.80	0.85
60.83	0.81
60.85	0.86
60.87	0.88
60.90	0.83
60.92	0.87
60.95	0.91
60.97	0.87
61.00	0.86
61.02	0.92
61.05	0.90
61.07	0.87
61.09	0.94
61.12	0.94
61.14	0.89
61.17	0.94
61.19	0.97
61.22	0.92
61.24	0.94
61.26	0.99
61.29	0.96
61.31	0.94
61.34	1.00
61.36	0.99
61.39	0.95
61.41	1.01
61.44	0.99
61.46	0.99
61.48	1.03
61.51	1.02
61.53	1.00
61.56	1.04
61.58	1.05
61.61	1.03
61.63	1.04
61.66	1.08
61.68	1.05
61.70	1.04
61.73	1.09
61.75	1.08
61.78	1.06
61.80	1.10
61.83	1.11
61.85	1.08
61.88	1.11
61.90	1.13
61.92	1.10
61.95	1.11
61.97	1.14
62.00	1.12
62.02	1.12
62.05	1.16
62.07	1.16
62.10	1.13
62.12	1.16
62.14	1.18
62.17	1.15
62.19	1.16
62.22	1.20
62.24	1.17
62.27	1.17
62.29	1.21
62.31	1.20
62.34	1.19
62.36	1.23
62.39	1.23
62.41	1.20
62.44	1.23
62.46	1.25
62.49	1.22
62.51	1.23
62.53	1.27
62.56	1.26
62.58	1.25
62.61	1.29
62.63	1.29
62.66	1.26
62.68	1.30
62.71	1.31
62.73	1.28
62.75	1.31
62.78	1.34
62.80	1.32
62.83	1.32
62.85	1.36
62.88	1.34
62.90	1.32
62.93	1.36
62.95	1.37
62.97	1.35
63.00	1.37
63.02	1.40
63.05	1.37
63.07	1.38
63.10	1.42
63.12	1.40
63.15	1.39
63.17	1.43
63.19	1.40
63.22	1.41
63.24	1.46
63.27	1.44
63.29	1.41
63.32	1.47
63.34	1.46
63.36	1.42
63.39	1.47
63.41	1.49
63.44	1.45
63.46	1.47
63.49	1.52
63.51	1.48
63.54	1.47
63.56	1.53
63.58	1.51
63.61	1.47
63.63	1.53
63.66	1.54
63.68	1.49
63.71	1.53
63.73	1.56
63.76	1.51
63.78	1.53
63.80	1.58
63.83	1.55
63.85	1.56
63.88	1.58
63.90	1.55
63.93	1.55
63.95	1.60
63.98	1.59
64.00	1.57
64.02	1.61
64.05	1.59
64.07	1.56
64.10	1.59
64.12	1.61
64.15	1.58
64.17	1.60
64.20	1.63
64.22	1.60
64.24	1.60
64.27	1.64
64.29	1.63
64.32	1.61
64.34	1.65
64.37	1.66
64.39	1.63
64.41	1.65
64.44	1.68
64.46	1.65
64.49	1.65
64.51	1.69
64.54	1.67
64.56	1.66
64.59	1.70
64.61	1.70
64.63	1.67
64.66	1.71
64.68	1.72
64.71	1.71
64.73	1.73
64.76	1.76
64.78	1.73
64.81	1.73
64.83	1.76
64.85	1.75
64.88	1.73
64.90	1.77
64.93	1.78
64.95	1.75
64.98	1.77
65.00	1.80
65.03	1.76
65.05	1.76
65.07	1.80
65.10	1.79
65.12	1.77
65.15	1.81
65.17	1.81
65.20	1.78
65.22	1.81
65.25	1.82
65.27	1.79
65.29	1.80
65.32	1.83
65.34	1.80
65.37	1.80
65.39	1.84
65.42	1.83
65.44	1.80
65.47	1.84
65.49	1.85
65.51	1.81
65.54	1.82
65.56	1.82
65.59	1.79
65.61	1.79
65.64	1.82
65.66	1.77
65.68	1.80
65.71	1.83
65.73	1.79
65.76	1.78
65.78	1.84
65.81	1.81
65.83	1.77
65.86	1.83
65.88	1.83
65.90	1.78
65.93	1.81
65.95	1.84
65.98	1.79
66.00	1.80
66.03	1.84
66.05	1.81
66.08	1.79
66.10	1.84
66.12	1.82
66.15	1.78
66.17	1.82
66.20	1.84
66.22	1.81
66.25	1.84
66.27	1.87
66.30	1.82
66.32	1.85
66.34	1.86
66.37	1.83
66.39	1.84
66.42	1.87
66.44	1.84
66.47	1.83
66.49	1.86
66.52	1.84
66.54	1.82
66.56	1.86
66.59	1.86
66.61	1.83
66.64	1.84
66.66	1.86
66.69	1.83
66.71	1.83
66.73	1.86
66.76	1.83
66.78	1.82
66.81	1.85
66.83	1.84
66.86	1.81
66.88	1.85
66.91	1.85
66.93	1.81
66.95	1.83
66.98	1.85
67.00	1.82
67.03	1.81
67.05	1.84
67.08	1.82
67.10	1.80
67.13	1.83
67.15	1.83
67.17	1.80
67.20	1.82
67.22	1.83
67.25	1.79
67.27	1.79
67.30	1.83
67.32	1.80
67.35	1.78
67.37	1.81
67.39	1.80
67.42	1.77
67.44	1.79
67.47	1.80
67.49	1.77
67.52	1.78
67.54	1.80
67.57	1.76
67.59	1.75
67.61	1.79
67.64	1.76
67.66	1.74
67.69	1.77
67.71	1.77
67.74	1.73
67.76	1.75
67.78	1.77
67.81	1.73
67.83	1.73
67.86	1.76
67.88	1.72
67.91	1.71
67.93	1.74
67.96	1.72
67.98	1.69
68.00	1.72
68.03	1.72
68.05	1.68
68.08	1.72
68.10	1.71
68.13	1.66
68.15	1.69
68.18	1.71
68.20	1.65
68.22	1.67
68.25	1.71
68.27	1.66
68.30	1.64
68.32	1.69
68.35	1.66
68.37	1.62
68.40	1.67
68.42	1.67
68.44	1.61
68.47	1.64
68.49	1.67
68.52	1.61
68.54	1.62
68.57	1.66
68.59	1.63
68.62	1.60
68.64	1.64
68.66	1.62
68.69	1.58
68.71	1.61
68.74	1.60
68.76	1.58
68.79	1.61
68.81	1.60
68.83	1.56
68.86	1.59
68.88	1.60
68.91	1.56
68.93	1.56
68.96	1.59
68.98	1.56
69.01	1.55
69.03	1.58
69.05	1.56
69.08	1.53
69.10	1.55
69.13	1.55
69.15	1.51
69.18	1.52
69.20	1.54
69.23	1.50
69.25	1.49
69.27	1.52
69.30	1.50
69.32	1.48
69.35	1.50
69.37	1.49
69.40	1.45
69.42	1.48
69.45	1.49
69.47	1.45
69.49	1.46
69.52	1.48
69.54	1.44
69.57	1.43
69.59	1.46
69.62	1.44
69.64	1.40
69.67	1.43
69.69	1.44
69.71	1.40
69.74	1.38
69.76	1.40
69.79	1.36
69.81	1.36
69.84	1.39
69.86	1.35
69.89	1.33
69.91	1.36
69.93	1.35
69.96	1.31
69.98	1.34
70.01	1.34
70.03	1.30
70.06	1.31
70.08	1.33
70.10	1.29
70.13	1.28
70.15	1.31
70.18	1.29
70.20	1.26
70.23	1.29
70.25	1.29
70.28	1.25
70.30	1.26
70.32	1.27
70.35	1.23
70.37	1.22
70.40	1.28
70.42	1.25
70.45	1.23
70.47	1.26
70.50	1.24
70.52	1.22
70.54	1.26
70.57	1.22
70.59	1.19
70.62	1.24
70.64	1.22
70.67	1.17
70.69	1.20
70.72	1.22
70.74	1.16
70.76	1.17
70.79	1.21
70.81	1.16
70.84	1.14
70.86	1.19
70.89	1.16
70.91	1.11
70.94	1.15
70.96	1.16
70.98	1.10
71.01	1.12
71.03	1.15
71.06	1.09
71.08	1.08
71.11	1.12
71.13	1.09
71.15	1.05
71.18	1.09
71.20	1.06
71.23	1.04
71.25	1.07
71.28	1.04
71.30	1.02
71.33	1.05
71.35	1.04
71.37	1.00
71.40	1.02
71.42	1.03
71.45	0.99
71.47	0.99
71.50	1.02
71.52	0.98
71.55	0.96
71.57	0.99
71.59	0.98
71.62	0.94
71.64	0.97
71.67	0.97
71.69	0.93
71.72	0.95
71.74	0.96
71.77	0.92
71.79	0.91
71.81	0.94
71.84	0.91
71.86	0.89
71.89	0.92
71.91	0.91
71.94	0.87
71.96	0.92
71.99	0.93
72.01	0.89
72.03	0.89
72.06	0.91
72.08	0.88
72.11	0.87
72.13	0.90
72.16	0.88
72.18	0.85
72.20	0.87
72.23	0.87
72.25	0.85
72.28	0.86
72.30	0.88
72.33	0.84
72.35	0.83
72.38	0.86
72.40	0.83
72.42	0.81
72.45	0.84
72.47	0.83
72.50	0.79
72.52	0.81
72.55	0.82
72.57	0.78
72.60	0.79
72.62	0.79
72.64	0.75
72.67	0.74
72.69	0.77
72.72	0.75
72.74	0.72
72.77	0.75
72.79	0.74
72.82	0.71
72.84	0.72
72.86	0.72
72.89	0.68
72.91	0.66
72.94	0.69
72.96	0.63
72.99	0.65
73.01	0.69
73.04	0.64
73.06	0.63
73.08	0.68
73.11	0.65
73.13	0.61
73.16	0.66
73.18	0.65
73.21	0.60
73.23	0.63
73.25	0.65
73.28	0.60
73.30	0.61
73.33	0.65
73.35	0.61
73.38	0.59
73.40	0.64
73.43	0.62
73.45	0.58
73.47	0.61
73.50	0.63
73.52	0.59
73.55	0.62
73.57	0.65
73.60	0.60
73.62	0.62
73.65	0.63
73.67	0.59
73.69	0.60
73.72	0.63
73.74	0.59
73.77	0.58
73.79	0.62
73.82	0.60
73.84	0.59
73.87	0.62
73.89	0.62
73.91	0.58
73.94	0.59
73.96	0.61
73.99	0.58
74.01	0.58
74.04	0.62
74.06	0.59
74.09	0.58
74.11	0.61
74.13	0.60
74.16	0.57
74.18	0.59
74.21	0.60
74.23	0.56
74.26	0.57
74.28	0.60
74.31	0.56
74.33	0.56
74.35	0.60
74.38	0.57
74.40	0.56
74.43	0.59
74.45	0.59
74.48	0.56
74.50	0.57
74.52	0.59
74.55	0.55
74.57	0.56
74.60	0.59
74.62	0.56
74.65	0.55
74.67	0.58
74.70	0.57
74.72	0.54
74.74	0.57
74.77	0.57
74.79	0.54
74.82	0.55
74.84	0.58
74.87	0.54
74.89	0.54
74.92	0.58
74.94	0.55
74.96	0.55
74.99	0.58
75.01	0.57
75.04	0.55
75.06	0.56
75.09	0.58
75.11	0.55
75.14	0.55
75.16	0.59
75.18	0.56
75.21	0.55
75.23	0.59
75.26	0.58
75.28	0.56
75.31	0.59
75.33	0.60
75.36	0.57
75.38	0.58
75.40	0.59
75.43	0.55
75.45	0.59
75.48	0.61
75.50	0.56
75.53	0.58
75.55	0.62
75.57	0.58
75.60	0.58
75.62	0.63
75.65	0.60
75.67	0.57
75.70	0.62
75.72	0.62
75.75	0.58
75.77	0.61
75.79	0.65
75.82	0.60
75.84	0.61
75.87	0.66
75.89	0.62
75.92	0.60
75.94	0.65
75.97	0.63
75.99	0.60
76.01	0.64
76.04	0.66
76.06	0.62
76.09	0.66
76.11	0.65
76.14	0.63
76.16	0.65
76.19	0.67
76.21	0.63
76.23	0.64
76.26	0.68
76.28	0.64
76.31	0.64
76.33	0.68
76.36	0.66
76.38	0.64
76.41	0.68
76.43	0.69
76.45	0.66
76.48	0.68
76.50	0.70
76.53	0.66
76.55	0.67
76.58	0.70
76.60	0.67
76.62	0.67
76.65	0.70
76.67	0.70
76.70	0.67
76.72	0.70
76.75	0.72
76.77	0.69
76.80	0.70
76.82	0.73
76.84	0.70
76.87	0.70
76.89	0.74
76.92	0.72
76.94	0.71
76.97	0.75
76.99	0.75
77.02	0.72
77.04	0.74
77.06	0.76
77.09	0.72
77.11	0.73
77.14	0.77
77.16	0.75
77.19	0.74
77.21	0.78
77.24	0.77
77.26	0.75
77.28	0.78
77.31	0.79
77.33	0.76
77.36	0.77
77.38	0.80
77.41	0.77
77.43	0.77
77.46	0.82
77.48	0.80
77.50	0.79
77.53	0.83
77.55	0.83
77.58	0.80
77.60	0.83
77.63	0.85
77.65	0.82
77.68	0.84
77.70	0.87
77.72	0.85
77.75	0.85
77.77	0.89
77.80	0.87
77.82	0.85
77.85	0.91
77.87	0.87
77.89	0.85
77.92	0.92
77.94	0.91
77.97	0.87
77.99	0.92
78.02	0.94
78.04	0.90
78.07	0.93
78.09	0.97
78.11	0.93
78.14	0.92
78.16	0.98
78.19	0.96
78.21	0.93
78.24	0.99
78.26	0.99
78.29	0.94
78.31	0.98
78.33	1.02
78.36	0.97
78.38	0.99
78.41	1.04
78.43	1.00
78.46	0.99
78.48	1.05
78.51	1.01
78.53	1.02
78.55	1.06
78.58	1.04
78.60	1.03
78.63	1.07
78.65	1.07
78.68	1.04
78.70	1.08
78.73	1.09
78.75	1.07
78.77	1.08
78.80	1.12
78.82	1.09
78.85	1.09
78.87	1.13
78.90	1.12
78.92	1.11
78.94	1.15
78.97	1.15
78.99	1.12
79.02	1.15
79.04	1.17
79.07	1.15
79.09	1.15
79.12	1.19
79.14	1.17
79.16	1.17
79.19	1.21
79.21	1.20
79.24	1.18
79.26	1.22
79.29	1.23
79.31	1.21
79.34	1.23
79.36	1.26
79.38	1.23
79.41	1.23
79.43	1.27
79.46	1.26
79.48	1.24
79.51	1.28
79.53	1.29
79.56	1.26
79.58	1.29
79.60	1.31
79.63	1.29
79.65	1.30
79.68	1.34
79.70	1.31
79.73	1.30
79.75	1.34
79.78	1.34
79.80	1.32
79.82	1.35
79.85	1.37
79.87	1.34
79.90	1.36
79.92	1.39
79.95	1.37
79.97	1.37
79.99	1.41
80.02	1.40
80.04	1.38
80.07	1.43
80.09	1.43
80.12	1.40
80.14	1.44
80.17	1.46
80.19	1.43
80.21	1.44
80.24	1.48
80.26	1.46
80.29	1.47
80.31	1.51
80.34	1.46
80.36	1.48
80.39	1.53
80.41	1.50
80.43	1.48
80.46	1.55
80.48	1.54
80.51	1.50
80.53	1.55
80.56	1.57
80.58	1.52
80.61	1.55
80.63	1.60
80.65	1.56
80.68	1.56
80.70	1.62
80.73	1.59
80.75	1.57
80.78	1.63
80.80	1.63
80.83	1.59
80.85	1.63
80.87	1.67
80.90	1.62
80.92	1.63
80.95	1.67
80.97	1.64
81.00	1.67
81.02	1.69
81.04	1.66
81.07	1.68
81.09	1.71
81.12	1.69
81.14	1.69
81.17	1.73
81.19	1.73
81.22	1.70
81.24	1.73
81.26	1.75
81.29	1.73
81.31	1.74
81.34	1.77
81.36	1.75
81.39	1.75
81.41	1.79
81.44	1.77
81.46	1.76
81.48	1.80
81.51	1.81
81.53	1.78
81.56	1.81
81.58	1.84
81.61	1.81
81.63	1.81
81.66	1.85
81.68	1.83
81.70	1.82
81.73	1.87
81.75	1.86
81.78	1.84
81.80	1.88
81.83	1.89
81.85	1.86
81.88	1.88
81.90	1.91
81.92	1.88
81.95	1.88
81.97	1.93
82.00	1.91
82.02	1.90
82.05	1.94
82.07	1.94
82.10	1.92
82.12	1.94
82.14	1.96
82.17	1.93
82.19	1.94
82.22	1.98
82.24	1.96
82.27	1.95
82.29	1.99
82.31	1.98
82.34	1.96
82.36	2.00
82.39	2.01
82.41	1.98
82.44	2.00
82.46	2.03
82.49	2.00
82.51	2.00
82.53	2.04
82.56	2.03
82.58	2.02
82.61	2.06
82.63	2.05
82.66	2.02
82.68	2.06
82.71	2.08
82.73	2.03
82.75	2.08
82.78	2.09
82.80	2.04
82.83	2.08
82.85	2.11
82.88	2.07
82.90	2.08
82.93	2.13
82.95	2.10
82.97	2.08
83.00	2.15
83.02	2.13
83.05	2.09
83.07	2.14
83.10	2.16
83.12	2.11
83.15	2.14
83.17	2.18
83.19	2.14
83.22	2.13
83.24	2.19
83.27	2.16
83.29	2.14
83.32	2.19
83.34	2.19
83.36	2.15
83.39	2.21
83.41	2.20
83.44	2.18
83.46	2.21
83.49	2.23
83.51	2.19
83.54	2.21
83.56	2.23
83.58	2.20
83.61	2.20
83.63	2.24
83.66	2.22
83.68	2.21
83.71	2.24
83.73	2.24
83.76	2.21
83.78	2.24
83.80	2.25
83.83	2.22
83.85	2.23
83.88	2.27
83.90	2.24
83.93	2.23
83.95	2.27
83.98	2.26
84.00	2.24
84.02	2.27
84.05	2.27
84.07	2.23
84.10	2.26
84.12	2.27
84.15	2.24
84.17	2.25
84.20	2.29
84.22	2.26
84.24	2.25
84.27	2.29
84.29	2.28
84.32	2.25
84.34	2.31
84.37	2.32
84.39	2.29
84.41	2.31
84.44	2.34
84.46	2.31
84.49	2.31
84.51	2.34
84.54	2.32
84.56	2.30
84.59	2.34
84.61	2.34
84.63	2.31
84.66	2.33
84.68	2.35
84.71	2.32
84.73	2.33
84.76	2.36
84.78	2.34
84.81	2.33
84.83	2.36
84.85	2.35
84.88	2.33
84.90	2.36
84.93	2.37
84.95	2.31
84.98	2.32
85.00	2.32
85.03	2.29
85.05	2.28
85.07	2.32
85.10	2.30
85.12	2.28
85.15	2.32
85.17	2.29
85.20	2.28
85.22	2.33
85.25	2.30
85.27	2.26
85.29	2.32
85.32	2.32
85.34	2.27
85.37	2.30
85.39	2.33
85.42	2.28
85.44	2.29
85.47	2.34
85.49	2.30
85.51	2.27
85.54	2.33
85.56	2.31
85.59	2.27
85.61	2.34
85.64	2.36
85.66	2.32
85.68	2.35
85.71	2.39
85.73	2.34
85.76	2.33
85.78	2.38
85.81	2.36
85.83	2.35
85.86	2.38
85.88	2.35
85.90	2.34
85.93	2.37
85.95	2.35
85.98	2.33
86.00	2.36
86.03	2.36
86.05	2.33
86.08	2.35
86.10	2.37
86.12	2.34
86.15	2.33
86.17	2.37
86.20	2.34
86.22	2.33
86.25	2.36
86.27	2.35
86.30	2.33
86.32	2.33
86.34	2.34
86.37	2.30
86.39	2.31
86.42	2.34
86.44	2.30
86.47	2.29
86.49	2.32
86.52	2.31
86.54	2.28
86.56	2.32
86.59	2.32
86.61	2.28
86.64	2.30
86.66	2.31
86.69	2.28
86.71	2.28
86.73	2.31
86.76	2.27
86.78	2.26
86.81	2.29
86.83	2.28
86.86	2.25
86.88	2.28
86.91	2.28
86.93	2.25
86.95	2.25
86.98	2.28
87.00	2.25
87.03	2.24
87.05	2.27
87.08	2.25
87.10	2.23
87.13	2.26
87.15	2.26
87.17	2.21
87.20	2.24
87.22	2.25
87.25	2.21
87.27	2.21
87.30	2.25
87.32	2.22
87.35	2.21
87.37	2.24
87.39	2.22
87.42	2.19
87.44	2.22
87.47	2.23
87.49	2.19
87.52	2.21
87.54	2.23
87.57	2.19
87.59	2.18
87.61	2.21
87.64	2.16
87.66	2.17
87.69	2.21
87.71	2.16
87.74	2.14
87.76	2.19
87.78	2.16
87.81	2.13
87.83	2.18
87.86	2.17
87.88	2.12
87.91	2.14
87.93	2.17
87.96	2.11
87.98	2.12
88.00	2.16
88.03	2.12
88.05	2.09
88.08	2.14
88.10	2.12
88.13	2.08
88.15	2.12
88.18	2.13
88.20	2.07
88.22	2.09
88.25	2.12
88.27	2.07
88.30	2.09
88.32	2.10
88.35	2.06
88.37	2.06
88.40	2.09
88.42	2.06
88.44	2.04
88.47	2.08
88.49	2.06
88.52	2.03
88.54	2.06
88.57	2.05
88.59	2.02
88.62	2.03
88.64	2.05
88.66	2.01
88.69	2.01
88.71	2.04
88.74	2.01
88.76	1.99
88.79	2.02
88.81	2.01
88.83	1.97
88.86	1.99
88.88	1.99
88.91	1.96
88.93	1.97
88.96	1.99
88.98	1.95
89.01	1.94
89.03	1.98
89.05	1.95
89.08	1.92
89.10	1.96
89.13	1.95
89.15	1.91
89.18	1.93
89.20	1.94
89.23	1.90
89.25	1.90
89.27	1.93
89.30	1.90
89.32	1.88
89.35	1.91
89.37	1.90
89.40	1.86
89.42	1.89
89.45	1.90
89.47	1.85
89.49	1.87
89.52	1.87
89.54	1.83
89.57	1.82
89.59	1.85
89.62	1.83
89.64	1.80
89.67	1.83
89.69	1.83
89.71	1.79
89.74	1.81
89.76	1.82
89.79	1.78
89.81	1.78
89.84	1.81
89.86	1.78
89.89	1.76
89.91	1.79
89.93	1.78
89.96	1.74
89.98	1.77
90.01	1.77
90.03	1.73
90.06	1.78
90.08	1.76
90.10	1.71
90.13	1.75
90.15	1.76
90.18	1.72
90.20	1.74
90.23	1.78
90.25	1.73
90.28	1.70
90.30	1.76
90.32	1.72
90.35	1.68
90.37	1.73
90.40	1.73
90.42	1.68
90.45	1.71
90.47	1.74
90.50	1.68
90.52	1.68
90.54	1.73
90.57	1.69
90.59	1.66
90.62	1.72
90.64	1.70
90.67	1.65
90.69	1.69
90.72	1.67
90.74	1.65
90.76	1.68
90.79	1.67
90.81	1.63
90.84	1.66
90.86	1.67
90.89	1.63
90.91	1.64
90.94	1.67
90.96	1.63
90.98	1.62
91.01	1.65
91.03	1.63
91.06	1.60
91.08	1.63
91.11	1.63
91.13	1.59
91.15	1.61
91.18	1.63
91.20	1.59
91.23	1.58
91.25	1.61
91.28	1.58
91.30	1.56
91.33	1.60
91.35	1.56
91.37	1.52
91.40	1.55
91.42	1.56
91.45	1.52
91.47	1.53
91.50	1.55
91.52	1.52
91.55	1.51
91.57	1.54
91.59	1.52
91.62	1.49
91.64	1.52
91.67	1.52
91.69	1.48
91.72	1.50
91.74	1.51
91.77	1.47
91.79	1.47
91.81	1.50
91.84	1.48
91.86	1.46
91.89	1.50
91.91	1.49
91.94	1.45
91.96	1.48
91.99	1.49
92.01	1.48
92.03	1.50
92.06	1.52
92.08	1.49
92.11	1.48
92.13	1.52
92.16	1.50
92.18	1.48
92.20	1.50
92.23	1.51
92.25	1.47
92.28	1.49
92.30	1.51
92.33	1.48
92.35	1.48
92.38	1.51
92.40	1.48
92.42	1.47
92.45	1.50
92.47	1.50
92.50	1.47
92.52	1.52
92.55	1.49
92.57	1.45
92.60	1.51
92.62	1.50
92.64	1.45
92.67	1.48
92.69	1.50
92.72	1.44
92.74	1.46
92.77	1.50
92.79	1.45
92.82	1.44
92.84	1.49
92.86	1.47
92.89	1.42
92.91	1.47
92.94	1.48
92.96	1.43
92.99	1.45
93.01	1.49
93.04	1.43
93.06	1.43
93.08	1.48
93.11	1.45
93.13	1.42
93.16	1.47
93.18	1.43
93.21	1.42
93.23	1.46
93.25	1.44
93.28	1.42
93.30	1.45
93.33	1.45
93.35	1.42
93.38	1.44
93.40	1.45
93.43	1.42
93.45	1.43
93.47	1.46
93.50	1.43
93.52	1.42
93.55	1.46
93.57	1.45
93.60	1.42
93.62	1.45
93.65	1.46
93.67	1.42
93.69	1.44
93.72	1.46
93.74	1.44
93.77	1.43
93.79	1.47
93.82	1.45
93.84	1.43
93.87	1.46
93.89	1.46
93.91	1.42
93.94	1.45
93.96	1.47
93.99	1.43
94.01	1.45
94.04	1.48
94.06	1.45
94.09	1.45
94.11	1.48
94.13	1.46
94.16	1.44
94.18	1.47
94.21	1.48
94.23	1.44
94.26	1.46
94.28	1.49
94.31	1.45
94.33	1.45
94.35	1.49
94.38	1.47
94.40	1.45
94.43	1.49
94.45	1.49
94.48	1.46
94.50	1.48
94.52	1.50
94.55	1.47
94.57	1.48
94.60	1.51
94.62	1.48
94.65	1.47
94.67	1.51
94.70	1.49
94.72	1.47
94.74	1.51
94.77	1.52
94.79	1.48
94.82	1.50
94.84	1.52
94.87	1.49
94.89	1.50
94.92	1.53
94.94	1.49
94.96	1.52
94.99	1.55
95.01	1.51
95.04	1.51
95.06	1.56
95.09	1.53
95.11	1.49
95.14	1.56
95.16	1.55
95.18	1.51
95.21	1.55
95.23	1.58
95.26	1.52
95.28	1.54
95.31	1.58
95.33	1.54
95.36	1.53
95.38	1.58
95.40	1.56
95.43	1.52
95.45	1.57
95.48	1.59
95.50	1.54
95.53	1.57
95.55	1.60
95.57	1.58
95.60	1.60
95.62	1.61
95.65	1.59
95.67	1.60
95.70	1.63
95.72	1.60
95.75	1.60
95.77	1.64
95.79	1.62
95.82	1.60
95.84	1.64
95.87	1.64
95.89	1.61
95.92	1.63
95.94	1.65
95.97	1.63
95.99	1.64
96.01	1.67
96.04	1.65
96.06	1.64
96.09	1.68
96.11	1.68
96.14	1.65
96.16	1.69
96.19	1.70
96.21	1.67
96.23	1.67
96.26	1.70
96.28	1.67
96.31	1.66
96.33	1.70
96.36	1.69
96.38	1.67
96.41	1.71
96.43	1.71
96.45	1.68
96.48	1.71
96.50	1.73
96.53	1.70
96.55	1.71
96.58	1.75
96.60	1.72
96.62	1.71
96.65	1.75
96.67	1.75
96.70	1.73
96.72	1.76
96.75	1.77
96.77	1.74
96.80	1.76
96.82	1.79
96.84	1.76
96.87	1.76
96.89	1.80
96.92	1.79
96.94	1.78
96.97	1.82
96.99	1.82
97.02	1.79
97.04	1.81
97.06	1.83
97.09	1.80
97.11	1.82
97.14	1.85
97.16	1.83
97.19	1.83
97.21	1.87
97.24	1.86
97.26	1.84
97.28	1.88
97.31	1.89
97.33	1.86
97.36	1.88
97.38	1.90
97.41	1.86
97.43	1.91
97.46	1.93
97.48	1.88
97.50	1.91
97.53	1.95
97.55	1.91
97.58	1.91
97.60	1.97
97.63	1.95
97.65	1.91
97.68	1.97
97.70	1.99
97.72	1.94
97.75	1.98
97.77	2.02
97.80	1.97
97.82	1.98
97.85	2.03
97.87	2.00
97.89	1.99
97.92	2.05
97.94	2.04
97.97	2.00
97.99	2.04
98.02	2.07
98.04	2.03
98.07	2.07
98.09	2.07
98.11	2.04
98.14	2.08
98.16	2.10
98.19	2.07
98.21	2.08
98.24	2.11
98.26	2.09
98.29	2.09
98.31	2.13
98.33	2.12
98.36	2.10
98.38	2.15
98.41	2.16
98.43	2.12
98.46	2.15
98.48	2.17
98.51	2.15
98.53	2.15
98.55	2.19
98.58	2.18
98.60	2.16
98.63	2.20
98.65	2.21
98.68	2.18
98.70	2.18
98.73	2.14
98.75	2.10
98.77	2.10
98.80	2.08
98.82	2.03
98.85	2.02
98.87	2.01
98.90	1.96
98.92	1.94
98.94	1.94
98.97	1.90
98.99	1.86
