Voltage U1	Corriente IA
U1/V	IA/nA

0.02	0.34
0.04	0.34
0.07	0.31
0.09	0.29
0.12	0.29
0.14	0.27
0.17	0.25
0.19	0.24
0.21	0.23
0.24	0.20
0.26	0.19
0.29	0.18
0.31	0.16
0.34	0.14
0.36	0.15
0.39	0.15
0.41	0.13
0.43	0.15
0.46	0.15
0.48	0.13
0.51	0.14
0.53	0.15
0.56	0.14
0.58	0.13
0.61	0.15
0.63	0.15
0.65	0.13
0.68	0.15
0.70	0.15
0.73	0.13
0.75	0.15
0.78	0.15
0.80	0.13
0.83	0.14
0.85	0.15
0.87	0.14
0.90	0.13
0.92	0.15
0.95	0.15
0.97	0.14
1.00	0.15
1.02	0.15
1.05	0.14
1.07	0.14
1.09	0.15
1.12	0.14
1.14	0.13
1.17	0.15
1.19	0.15
1.22	0.13
1.24	0.15
1.26	0.15
1.29	0.13
1.31	0.14
1.34	0.15
1.36	0.13
1.39	0.13
1.41	0.15
1.44	0.14
1.46	0.13
1.48	0.15
1.51	0.15
1.53	0.13
1.56	0.14
1.58	0.14
1.61	0.13
1.63	0.14
1.66	0.15
1.68	0.14
1.70	0.13
1.73	0.15
1.75	0.15
1.78	0.13
1.80	0.15
1.83	0.15
1.85	0.13
1.88	0.15
1.90	0.15
1.92	0.13
1.95	0.13
1.97	0.15
2.00	0.15
2.02	0.13
2.05	0.15
2.07	0.15
2.10	0.13
2.12	0.15
2.14	0.15
2.17	0.13
2.19	0.14
2.22	0.14
2.24	0.13
2.27	0.14
2.29	0.14
2.31	0.14
2.34	0.14
2.36	0.14
2.39	0.14
2.41	0.13
2.44	0.14
2.46	0.14
2.49	0.13
2.51	0.14
2.53	0.14
2.56	0.13
2.58	0.14
2.61	0.14
2.63	0.14
2.66	0.13
2.68	0.13
2.71	0.13
2.73	0.12
2.75	0.13
2.78	0.13
2.80	0.12
2.83	0.14
2.85	0.14
2.88	0.12
2.90	0.15
2.93	0.15
2.95	0.13
2.97	0.14
3.00	0.14
3.02	0.12
3.05	0.13
3.07	0.14
3.10	0.14
3.12	0.12
3.15	0.14
3.17	0.14
3.19	0.13
3.22	0.15
3.24	0.15
3.27	0.13
3.29	0.14
3.32	0.14
3.34	0.13
3.36	0.13
3.39	0.14
3.41	0.14
3.44	0.13
3.46	0.15
3.49	0.15
3.51	0.13
3.54	0.14
3.56	0.14
3.58	0.13
3.61	0.14
3.63	0.15
3.66	0.15
3.68	0.13
3.71	0.15
3.73	0.15
3.76	0.13
3.78	0.15
3.80	0.15
3.83	0.13
3.85	0.14
3.88	0.15
3.90	0.14
3.93	0.14
3.95	0.15
3.98	0.15
4.00	0.13
4.02	0.16
4.05	0.16
4.07	0.14
4.10	0.15
4.12	0.15
4.15	0.14
4.17	0.14
4.20	0.16
4.22	0.15
4.24	0.14
4.27	0.15
4.29	0.15
4.32	0.13
4.34	0.16
4.37	0.16
4.39	0.14
4.42	0.15
4.44	0.16
4.46	0.15
4.49	0.14
4.51	0.15
4.54	0.15
4.56	0.14
4.59	0.15
4.61	0.15
4.63	0.14
4.66	0.14
4.68	0.14
4.71	0.14
4.73	0.15
4.76	0.15
4.78	0.14
4.81	0.15
4.83	0.15
4.85	0.15
4.88	0.15
4.90	0.15
4.93	0.15
4.95	0.13
4.98	0.14
5.00	0.14
5.03	0.14
5.05	0.15
5.07	0.15
5.10	0.15
5.12	0.15
5.15	0.15
5.17	0.15
5.20	0.15
5.22	0.15
5.25	0.14
5.27	0.14
5.29	0.15
5.32	0.14
5.34	0.13
5.37	0.15
5.39	0.15
5.42	0.13
5.44	0.15
5.47	0.15
5.49	0.13
5.51	0.14
5.54	0.15
5.56	0.14
5.59	0.14
5.61	0.15
5.64	0.15
5.66	0.13
5.68	0.15
5.71	0.15
5.73	0.13
5.76	0.15
5.78	0.15
5.81	0.14
5.83	0.14
5.86	0.16
5.88	0.15
5.90	0.14
5.93	0.17
5.95	0.17
5.98	0.15
6.00	0.18
6.03	0.18
6.05	0.16
6.08	0.17
6.10	0.18
6.12	0.17
6.15	0.17
6.17	0.19
6.20	0.19
6.22	0.17
6.25	0.21
6.27	0.21
6.30	0.19
6.32	0.21
6.34	0.22
6.37	0.21
6.39	0.23
6.42	0.24
6.44	0.23
6.47	0.23
6.49	0.26
6.52	0.26
6.54	0.23
6.56	0.26
6.59	0.27
6.61	0.24
6.64	0.27
6.66	0.30
6.69	0.28
6.71	0.28
6.73	0.31
6.76	0.31
6.78	0.29
6.81	0.33
6.83	0.33
6.86	0.30
6.88	0.33
6.91	0.35
6.93	0.32
6.95	0.34
6.98	0.37
7.00	0.36
7.03	0.35
7.05	0.37
7.08	0.37
7.10	0.38
7.13	0.40
7.15	0.40
7.17	0.40
7.20	0.42
7.22	0.42
7.25	0.42
7.27	0.44
7.30	0.44
7.32	0.44
7.35	0.45
7.37	0.46
7.39	0.46
7.42	0.46
7.44	0.49
7.47	0.49
7.49	0.49
7.52	0.50
7.54	0.50
7.57	0.50
7.59	0.51
7.61	0.52
7.64	0.51
7.66	0.54
7.69	0.55
7.71	0.52
7.74	0.55
7.76	0.58
7.78	0.55
7.81	0.55
7.83	0.59
7.86	0.57
7.88	0.55
7.91	0.60
7.93	0.61
7.96	0.58
7.98	0.62
8.00	0.64
8.03	0.61
8.05	0.62
8.08	0.66
8.10	0.63
8.13	0.62
8.15	0.67
8.18	0.66
8.20	0.63
8.22	0.68
8.25	0.70
8.27	0.66
8.30	0.69
8.32	0.72
8.35	0.68
8.37	0.69
8.40	0.74
8.42	0.72
8.44	0.70
8.47	0.76
8.49	0.76
8.52	0.72
8.54	0.76
8.57	0.79
8.59	0.75
8.62	0.76
8.64	0.81
8.66	0.78
8.69	0.77
8.71	0.83
8.74	0.83
8.76	0.79
8.79	0.84
8.81	0.85
8.84	0.81
8.86	0.84
8.88	0.88
8.91	0.84
8.93	0.85
8.96	0.90
8.98	0.87
9.01	0.85
9.03	0.90
9.05	0.90
9.08	0.86
9.10	0.90
9.13	0.92
9.15	0.88
9.18	0.90
9.20	0.95
9.23	0.92
9.25	0.91
9.27	0.96
9.30	0.94
9.32	0.91
9.35	0.95
9.37	0.97
9.40	0.93
9.42	0.96
9.45	1.00
9.47	0.96
9.49	0.98
9.52	0.99
9.54	0.98
9.57	0.99
9.59	1.00
9.62	1.00
9.64	1.00
9.67	1.02
9.69	1.02
9.71	1.02
9.74	1.03
9.76	1.04
9.79	1.03
9.81	1.04
9.84	1.05
9.86	1.05
9.89	1.05
9.91	1.06
9.93	1.06
9.96	1.07
9.98	1.09
10.01	1.09
10.03	1.08
10.06	1.10
10.08	1.11
10.10	1.08
10.13	1.13
10.15	1.13
10.18	1.10
10.20	1.14
10.23	1.16
10.25	1.12
10.28	1.13
10.30	1.18
10.32	1.15
10.35	1.14
10.37	1.20
10.40	1.19
10.42	1.16
10.45	1.21
10.47	1.21
10.50	1.18
10.52	1.21
10.54	1.24
10.57	1.20
10.59	1.21
10.62	1.25
10.64	1.23
10.67	1.21
10.69	1.26
10.72	1.26
10.74	1.22
10.76	1.26
10.79	1.28
10.81	1.25
10.84	1.27
10.86	1.31
10.89	1.27
10.91	1.26
10.94	1.29
10.96	1.27
10.98	1.24
11.01	1.29
11.03	1.30
11.06	1.25
11.08	1.29
11.11	1.32
11.13	1.28
11.15	1.29
11.18	1.34
11.20	1.31
11.23	1.30
11.25	1.34
11.28	1.34
11.30	1.31
11.33	1.35
11.35	1.37
11.37	1.33
11.40	1.35
11.42	1.39
11.45	1.35
11.47	1.35
11.50	1.41
11.52	1.39
11.55	1.39
11.57	1.44
11.59	1.45
11.62	1.42
11.64	1.45
11.67	1.48
11.69	1.44
11.72	1.44
11.74	1.49
11.77	1.46
11.79	1.45
11.81	1.50
11.84	1.50
11.86	1.47
11.89	1.51
11.91	1.53
11.94	1.50
11.96	1.52
11.99	1.52
12.01	1.52
12.03	1.53
12.06	1.54
12.08	1.53
12.11	1.54
12.13	1.55
12.16	1.55
12.18	1.55
12.21	1.57
12.23	1.57
12.25	1.57
12.28	1.59
12.30	1.60
12.33	1.59
12.35	1.60
12.38	1.61
12.40	1.60
12.42	1.61
12.45	1.62
12.47	1.62
12.50	1.62
12.52	1.63
12.55	1.62
12.57	1.62
12.60	1.68
12.62	1.66
12.64	1.63
12.67	1.68
12.69	1.68
12.72	1.65
12.74	1.69
12.77	1.72
12.79	1.68
12.82	1.68
12.84	1.73
12.86	1.70
12.89	1.68
12.91	1.74
12.94	1.73
12.96	1.70
12.99	1.74
13.01	1.76
13.04	1.72
13.06	1.75
13.08	1.79
13.11	1.75
13.13	1.75
13.16	1.80
13.18	1.78
13.21	1.76
13.23	1.81
13.26	1.81
13.28	1.78
13.30	1.81
13.33	1.84
13.35	1.80
13.38	1.81
13.40	1.86
13.43	1.83
13.45	1.81
13.47	1.86
13.50	1.86
13.52	1.83
13.55	1.87
13.57	1.89
13.60	1.85
13.62	1.87
13.65	1.91
13.67	1.86
13.69	1.87
13.72	1.92
13.74	1.90
13.77	1.88
13.79	1.93
13.82	1.93
13.84	1.89
13.87	1.93
13.89	1.96
13.91	1.91
13.94	1.93
13.96	1.97
13.99	1.94
14.01	1.93
14.04	1.99
14.06	1.98
14.09	1.94
14.11	1.98
14.13	2.00
14.16	1.95
14.18	1.98
14.21	2.02
14.23	1.98
14.26	1.98
14.28	2.04
14.31	2.02
14.33	2.00
14.35	2.05
14.38	2.03
14.40	2.03
14.43	2.05
14.45	2.04
14.48	2.04
14.50	2.06
14.52	2.06
14.55	2.05
14.57	2.06
14.60	2.06
14.62	2.05
14.65	2.06
14.67	2.07
14.70	2.07
14.72	2.07
14.74	2.08
14.77	2.08
14.79	2.07
14.82	2.07
14.84	2.08
14.87	2.06
14.89	2.07
14.92	2.07
14.94	2.06
14.96	2.05
14.99	2.08
15.01	2.03
15.04	2.04
15.06	2.07
15.09	2.03
15.11	2.02
15.14	2.06
15.16	2.04
15.18	2.01
15.21	2.04
15.23	2.04
15.26	1.99
15.28	2.02
15.31	2.04
15.33	1.99
15.36	1.98
15.38	2.02
15.40	1.99
15.43	1.96
15.45	2.00
15.48	1.99
15.50	1.94
15.53	1.97
15.55	1.99
15.57	1.93
15.60	1.94
15.62	1.98
15.65	1.93
15.67	1.91
15.70	1.95
15.72	1.93
15.75	1.89
15.77	1.92
15.79	1.93
15.82	1.87
15.84	1.89
15.87	1.92
15.89	1.87
15.92	1.86
15.94	1.90
15.97	1.87
15.99	1.84
16.01	1.87
16.04	1.86
16.06	1.81
16.09	1.84
16.11	1.85
16.14	1.80
16.16	1.81
16.19	1.84
16.21	1.79
16.23	1.77
16.26	1.82
16.28	1.79
16.31	1.75
16.33	1.78
16.36	1.78
16.38	1.73
16.41	1.75
16.43	1.78
16.45	1.73
16.48	1.73
16.50	1.76
16.53	1.72
16.55	1.70
16.58	1.74
16.60	1.73
16.63	1.69
16.65	1.72
16.67	1.73
16.70	1.68
16.72	1.69
16.75	1.72
16.77	1.68
16.80	1.66
16.82	1.68
16.84	1.67
16.87	1.66
16.89	1.67
16.92	1.66
16.94	1.65
16.97	1.66
16.99	1.65
17.02	1.63
17.04	1.63
17.06	1.63
17.09	1.61
17.11	1.61
17.14	1.62
17.16	1.60
17.19	1.59
17.21	1.60
17.24	1.58
17.26	1.56
17.28	1.57
17.31	1.56
17.33	1.55
17.36	1.55
17.38	1.55
17.41	1.54
17.43	1.55
17.46	1.54
17.48	1.49
17.50	1.51
17.53	1.53
17.55	1.48
17.58	1.47
17.60	1.51
17.63	1.46
17.65	1.43
17.68	1.47
17.70	1.46
17.72	1.41
17.75	1.44
17.77	1.44
17.80	1.39
17.82	1.40
17.85	1.43
17.87	1.38
17.89	1.37
17.92	1.39
17.94	1.36
17.97	1.32
17.99	1.35
18.02	1.35
18.04	1.30
18.07	1.32
18.09	1.34
18.11	1.29
18.14	1.28
18.16	1.32
18.19	1.28
18.21	1.25
18.24	1.29
18.26	1.27
18.29	1.23
18.31	1.25
18.33	1.26
18.36	1.21
18.38	1.22
18.41	1.24
18.43	1.19
18.46	1.17
18.48	1.21
18.51	1.18
18.53	1.15
18.55	1.18
18.58	1.17
18.60	1.13
18.63	1.15
18.65	1.16
18.68	1.11
18.70	1.10
18.73	1.13
18.75	1.09
18.77	1.06
18.80	1.10
18.82	1.08
18.85	1.03
18.87	1.06
18.90	1.06
18.92	1.01
18.94	1.01
18.97	1.04
18.99	0.99
19.02	0.97
19.04	1.01
19.07	0.98
19.09	0.94
19.12	0.97
19.14	0.96
19.16	0.90
19.19	0.92
19.21	0.93
19.24	0.87
19.26	0.88
19.29	0.88
19.31	0.86
19.34	0.85
19.36	0.85
19.38	0.82
19.41	0.81
19.43	0.81
19.46	0.79
19.48	0.77
19.51	0.78
19.53	0.76
19.56	0.74
19.58	0.74
19.60	0.73
19.63	0.71
19.65	0.70
19.68	0.69
19.70	0.67
19.73	0.66
19.75	0.67
19.78	0.65
19.80	0.63
19.82	0.64
19.85	0.63
19.87	0.59
19.90	0.62
19.92	0.61
19.95	0.56
19.97	0.59
19.99	0.59
20.02	0.54
20.04	0.54
20.07	0.57
20.09	0.53
20.12	0.51
20.14	0.55
20.17	0.52
20.19	0.48
20.21	0.51
20.24	0.51
20.26	0.46
20.29	0.46
20.31	0.47
20.34	0.42
20.36	0.42
20.39	0.45
20.41	0.42
20.43	0.40
20.46	0.43
20.48	0.41
20.51	0.37
20.53	0.41
20.56	0.40
20.58	0.36
20.61	0.37
20.63	0.39
20.65	0.36
20.68	0.35
20.70	0.38
20.73	0.35
20.75	0.32
20.78	0.35
20.80	0.35
20.83	0.31
20.85	0.33
20.87	0.34
20.90	0.33
20.92	0.33
20.95	0.35
20.97	0.33
21.00	0.30
21.02	0.33
21.05	0.32
21.07	0.29
21.09	0.32
21.12	0.32
21.14	0.28
21.17	0.30
21.19	0.31
21.22	0.29
21.24	0.28
21.26	0.30
21.29	0.28
21.31	0.25
21.34	0.29
21.36	0.28
21.39	0.25
21.41	0.28
21.44	0.28
21.46	0.25
21.48	0.26
21.51	0.27
21.53	0.25
21.56	0.23
21.58	0.25
21.61	0.25
21.63	0.22
21.66	0.25
21.68	0.25
21.70	0.22
21.73	0.23
21.75	0.23
21.78	0.22
21.80	0.22
21.83	0.22
21.85	0.20
21.88	0.21
21.90	0.21
21.92	0.21
21.95	0.20
21.97	0.20
22.00	0.20
22.02	0.18
22.05	0.19
22.07	0.19
22.10	0.18
22.12	0.19
22.14	0.19
22.17	0.18
22.19	0.19
22.22	0.19
22.24	0.19
22.27	0.17
22.29	0.18
22.31	0.18
22.34	0.18
22.36	0.20
22.39	0.19
22.41	0.18
22.44	0.20
22.46	0.20
22.49	0.18
22.51	0.20
22.53	0.20
22.56	0.18
22.58	0.20
22.61	0.22
22.63	0.21
22.66	0.21
22.68	0.23
22.71	0.23
22.73	0.21
22.75	0.25
22.78	0.26
22.80	0.23
22.83	0.27
22.85	0.30
22.88	0.28
22.90	0.31
22.93	0.35
22.95	0.34
22.97	0.36
23.00	0.41
23.02	0.42
23.05	0.42
23.07	0.49
23.10	0.53
23.12	0.53
23.15	0.59
23.17	0.65
23.19	0.65
23.22	0.69
23.24	0.77
23.27	0.81
23.29	0.83
23.32	0.92
23.34	0.98
23.36	0.99
23.39	1.08
23.41	1.16
23.44	1.18
23.46	1.25
23.49	1.34
23.51	1.37
23.54	1.41
23.56	1.52
23.58	1.57
23.61	1.60
23.63	1.72
23.66	1.79
23.68	1.81
23.71	1.89
23.73	1.99
23.76	2.02
23.78	2.08
23.80	2.20
23.83	2.24
23.85	2.28
23.88	2.39
23.90	2.45
23.93	2.48
23.95	2.58
23.98	2.67
24.00	2.69
24.02	2.76
24.05	2.88
24.07	2.91
24.10	2.97
24.12	3.08
24.15	3.13
24.17	3.20
24.20	3.28
24.22	3.33
24.24	3.39
24.27	3.48
24.29	3.53
24.32	3.59
24.34	3.67
24.37	3.74
24.39	3.79
24.42	3.86
24.44	3.93
24.46	3.98
24.49	4.04
24.51	4.12
24.54	4.18
24.56	4.23
24.59	4.31
24.61	4.37
24.63	4.42
24.66	4.49
24.68	4.55
24.71	4.60
24.73	4.66
24.76	4.74
24.78	4.76
24.81	4.84
24.83	4.93
24.85	4.94
24.88	5.00
24.90	5.11
24.93	5.14
24.95	5.17
24.98	5.27
25.00	5.33
25.03	5.34
25.05	5.44
25.07	5.51
25.10	5.52
25.12	5.59
25.15	5.68
25.17	5.69
25.20	5.74
25.22	5.84
25.25	5.88
25.27	5.90
25.29	6.00
25.32	6.05
25.34	6.06
25.37	6.14
25.39	6.22
25.42	6.23
25.44	6.28
25.47	6.37
25.49	6.39
25.51	6.42
25.54	6.52
25.56	6.57
25.59	6.57
25.61	6.66
25.64	6.72
25.66	6.72
25.68	6.79
25.71	6.88
25.73	6.88
25.76	6.92
25.78	7.02
25.81	7.05
25.83	7.06
25.86	7.15
25.88	7.20
25.90	7.20
25.93	7.28
25.95	7.35
25.98	7.35
26.00	7.40
26.03	7.49
26.05	7.51
26.08	7.53
26.10	7.62
26.12	7.65
26.15	7.65
26.17	7.73
26.20	7.79
26.22	7.79
26.25	7.85
26.27	7.92
26.30	7.92
26.32	7.95
26.34	8.04
26.37	8.06
26.39	8.06
26.42	8.15
26.44	8.18
26.47	8.18
26.49	8.25
26.52	8.32
26.54	8.31
26.56	8.35
26.59	8.40
26.61	8.42
26.64	8.46
26.66	8.51
26.69	8.54
26.71	8.57
26.73	8.62
26.76	8.65
26.78	8.68
26.81	8.73
26.83	8.76
26.86	8.78
26.88	8.82
26.91	8.86
26.93	8.88
26.95	8.92
26.98	8.96
27.00	8.99
27.03	9.01
27.05	9.06
27.08	9.09
27.10	9.11
27.13	9.14
27.15	9.18
27.17	9.20
27.20	9.26
27.22	9.28
27.25	9.28
27.27	9.35
27.30	9.39
27.32	9.38
27.35	9.42
27.37	9.49
27.39	9.47
27.42	9.49
27.44	9.57
27.47	9.58
27.49	9.58
27.52	9.65
27.54	9.67
27.57	9.66
27.59	9.72
27.61	9.77
27.64	9.75
27.66	9.79
27.69	9.86
27.71	9.85
27.74	9.86
27.76	9.93
27.78	9.94
27.81	9.93
27.83	10.00
27.86	10.03
27.88	10.01
27.91	10.05
27.93	10.12
27.96	10.10
27.98	10.12
28.00	10.20
28.03	10.19
28.05	10.19
28.08	10.26
28.10	10.28
28.13	10.26
28.15	10.33
28.18	10.37
28.20	10.34
28.22	10.38
28.25	10.44
28.27	10.43
28.30	10.43
28.32	10.50
28.35	10.51
28.37	10.49
28.40	10.56
28.42	10.59
28.44	10.57
28.47	10.62
28.49	10.67
28.52	10.65
28.54	10.67
28.57	10.73
28.59	10.73
28.62	10.73
28.64	10.79
28.66	10.81
28.69	10.78
28.71	10.84
28.74	10.89
28.76	10.86
28.79	10.90
28.81	10.96
28.84	10.94
28.86	10.94
28.88	11.01
28.91	11.02
28.93	11.01
28.96	11.07
28.98	11.09
29.01	11.06
29.03	11.11
29.05	11.13
29.08	11.15
29.10	11.17
29.13	11.20
29.15	11.20
29.18	11.23
29.20	11.25
29.23	11.26
29.25	11.27
29.27	11.31
29.30	11.32
29.32	11.33
29.35	11.35
29.37	11.37
29.40	11.37
29.42	11.40
29.45	11.43
29.47	11.43
29.49	11.45
29.52	11.47
29.54	11.48
29.57	11.50
29.59	11.54
29.62	11.55
29.64	11.55
29.67	11.61
29.69	11.59
29.71	11.59
29.74	11.65
29.76	11.66
29.79	11.63
29.81	11.69
29.84	11.72
29.86	11.70
29.89	11.73
29.91	11.78
29.93	11.76
29.96	11.76
29.98	11.83
30.01	11.82
30.03	11.81
30.06	11.87
30.08	11.89
30.10	11.85
30.13	11.90
30.15	11.95
30.18	11.92
30.20	11.93
30.23	11.99
30.25	11.97
30.28	11.96
30.30	12.03
30.32	12.04
30.35	12.01
30.37	12.07
30.40	12.10
30.42	12.05
30.45	12.08
30.47	12.13
30.50	12.11
30.52	12.11
30.54	12.18
30.57	12.17
30.59	12.15
30.62	12.21
30.64	12.23
30.67	12.19
30.69	12.24
30.72	12.29
30.74	12.24
30.76	12.26
30.79	12.32
30.81	12.30
30.84	12.29
30.86	12.35
30.89	12.36
30.91	12.31
30.94	12.37
30.96	12.39
30.98	12.35
31.01	12.38
31.03	12.43
31.06	12.39
31.08	12.39
31.11	12.45
31.13	12.43
31.15	12.40
31.18	12.45
31.20	12.46
31.23	12.41
31.25	12.44
31.28	12.47
31.30	12.42
31.33	12.42
31.35	12.47
31.37	12.43
31.40	12.40
31.42	12.44
31.45	12.43
31.47	12.40
31.50	12.41
31.52	12.39
31.55	12.37
31.57	12.37
31.59	12.36
31.62	12.33
31.64	12.32
31.67	12.31
31.69	12.27
31.72	12.26
31.74	12.24
31.77	12.21
31.79	12.18
31.81	12.17
31.84	12.14
31.86	12.10
31.89	12.08
31.91	12.05
31.94	12.01
31.96	11.98
31.99	11.94
32.01	11.89
32.03	11.86
32.06	11.83
32.08	11.76
32.11	11.73
32.13	11.73
32.16	11.64
32.18	11.59
32.20	11.59
32.23	11.53
32.25	11.45
32.28	11.46
32.30	11.41
32.33	11.31
32.35	11.29
32.38	11.27
32.40	11.16
32.42	11.12
32.45	11.11
32.47	11.03
32.50	10.95
32.52	10.94
32.55	10.88
32.57	10.78
32.60	10.79
32.62	10.74
32.64	10.63
32.67	10.59
32.69	10.57
32.72	10.47
32.74	10.40
32.77	10.40
32.79	10.32
32.82	10.22
32.84	10.20
32.86	10.14
32.89	10.02
32.91	10.00
32.94	9.97
32.96	9.85
32.99	9.80
33.01	9.78
33.04	9.68
33.06	9.59
33.08	9.58
33.11	9.51
33.13	9.40
33.16	9.37
33.18	9.32
33.21	9.20
33.23	9.16
33.26	9.13
33.28	9.01
33.30	8.93
33.33	8.91
33.35	8.82
33.38	8.72
33.40	8.70
33.43	8.63
33.45	8.51
33.47	8.48
33.50	8.44
33.52	8.31
33.55	8.24
33.57	8.22
33.60	8.11
33.62	8.01
33.65	8.00
33.67	7.92
33.69	7.80
33.72	7.78
33.74	7.73
33.77	7.60
33.79	7.55
33.82	7.52
33.84	7.39
33.87	7.31
33.89	7.30
33.91	7.19
33.94	7.13
33.96	7.07
33.99	7.02
34.01	6.95
34.04	6.90
34.06	6.82
34.09	6.74
34.11	6.69
34.13	6.62
34.16	6.54
34.18	6.48
34.21	6.43
34.23	6.35
34.26	6.29
34.28	6.23
34.31	6.16
34.33	6.08
34.35	6.03
34.38	5.96
34.40	5.89
34.43	5.83
34.45	5.78
34.48	5.69
34.50	5.64
34.52	5.60
34.55	5.48
34.57	5.46
34.60	5.40
34.62	5.28
34.65	5.22
34.67	5.21
34.70	5.11
34.72	5.02
34.74	5.02
34.77	4.94
34.79	4.83
34.82	4.82
34.84	4.78
34.87	4.66
34.89	4.63
34.92	4.62
34.94	4.51
34.96	4.44
34.99	4.45
35.01	4.37
35.04	4.27
35.06	4.28
35.09	4.23
35.11	4.11
35.14	4.10
35.16	4.09
35.18	3.97
35.21	3.92
35.23	3.93
35.26	3.83
35.28	3.75
35.31	3.76
35.33	3.71
35.36	3.60
35.38	3.60
35.40	3.58
35.43	3.46
35.45	3.44
35.48	3.45
35.50	3.34
35.53	3.28
35.55	3.30
35.57	3.23
35.60	3.13
35.62	3.15
35.65	3.11
35.67	3.00
35.70	2.99
35.72	2.98
35.75	2.87
35.77	2.83
35.79	2.85
35.82	2.76
35.84	2.69
35.87	2.71
35.89	2.66
35.92	2.56
35.94	2.57
35.97	2.55
35.99	2.44
36.01	2.42
36.04	2.44
36.06	2.34
36.09	2.28
36.11	2.32
36.14	2.25
36.16	2.16
36.19	2.18
36.21	2.14
36.23	2.04
36.26	2.04
36.28	2.05
36.31	1.95
36.33	1.91
36.36	1.90
36.38	1.85
36.41	1.82
36.43	1.80
36.45	1.74
36.48	1.71
36.50	1.69
36.53	1.65
36.55	1.60
36.58	1.59
36.60	1.56
36.62	1.51
36.65	1.49
36.67	1.47
36.70	1.41
36.72	1.38
36.75	1.36
36.77	1.32
36.80	1.28
36.82	1.28
36.84	1.24
36.87	1.20
36.89	1.18
36.92	1.16
36.94	1.10
36.97	1.12
36.99	1.08
37.02	0.99
37.04	1.02
37.06	1.02
37.09	0.93
37.11	0.92
37.14	0.95
37.16	0.88
37.19	0.83
37.21	0.87
37.24	0.82
37.26	0.74
37.28	0.78
37.31	0.76
37.33	0.68
37.36	0.69
37.38	0.72
37.41	0.65
37.43	0.62
37.46	0.66
37.48	0.62
37.50	0.56
37.53	0.60
37.55	0.58
37.58	0.52
37.60	0.54
37.63	0.55
37.65	0.48
37.68	0.48
37.70	0.51
37.72	0.46
37.75	0.43
37.77	0.46
37.80	0.44
37.82	0.39
37.85	0.43
37.87	0.43
37.89	0.37
37.92	0.39
37.94	0.40
37.97	0.36
37.99	0.33
38.02	0.36
38.04	0.34
38.07	0.30
38.09	0.33
38.11	0.33
38.14	0.28
38.16	0.31
38.19	0.31
38.21	0.27
38.24	0.27
38.26	0.29
38.29	0.26
38.31	0.23
38.33	0.26
38.36	0.25
38.38	0.21
38.41	0.23
38.43	0.23
38.46	0.20
38.48	0.21
38.51	0.21
38.53	0.19
38.55	0.18
38.58	0.19
38.60	0.18
38.63	0.16
38.65	0.18
38.68	0.18
38.70	0.15
38.73	0.16
38.75	0.16
38.77	0.13
38.80	0.15
38.82	0.15
38.85	0.14
38.87	0.14
38.90	0.14
38.92	0.14
38.94	0.14
38.97	0.14
38.99	0.14
39.02	0.12
39.04	0.12
39.07	0.12
39.09	0.11
39.12	0.12
39.14	0.12
39.16	0.12
39.19	0.13
39.21	0.13
39.24	0.13
39.26	0.12
39.29	0.12
39.31	0.12
39.34	0.12
39.36	0.14
39.38	0.14
39.41	0.12
39.43	0.15
39.46	0.15
39.48	0.14
39.51	0.18
39.53	0.18
39.56	0.16
39.58	0.20
39.60	0.22
39.63	0.22
39.65	0.26
39.68	0.31
39.70	0.30
39.73	0.32
39.75	0.39
39.78	0.41
39.80	0.41
39.82	0.48
39.85	0.53
39.87	0.53
39.90	0.60
39.92	0.67
39.95	0.69
39.97	0.74
39.99	0.83
40.02	0.88
40.04	0.90
40.07	1.01
40.09	1.08
40.12	1.10
40.14	1.21
40.17	1.32
40.19	1.33
40.21	1.41
40.24	1.53
40.26	1.57
40.29	1.62
40.31	1.76
40.34	1.83
40.36	1.85
40.39	1.99
40.41	2.09
40.43	2.11
40.46	2.21
40.48	2.34
40.51	2.37
40.53	2.43
40.56	2.58
40.58	2.63
40.61	2.67
40.63	2.81
40.65	2.89
40.68	2.91
40.70	3.03
40.73	3.15
40.75	3.16
40.78	3.24
40.80	3.38
40.83	3.41
40.85	3.45
40.87	3.60
40.90	3.67
40.92	3.69
40.95	3.82
40.97	3.92
41.00	3.92
41.02	4.02
41.05	4.14
41.07	4.16
41.09	4.22
41.12	4.37
41.14	4.41
41.17	4.43
41.19	4.57
41.22	4.65
41.24	4.69
41.26	4.79
41.29	4.85
41.31	4.91
41.34	5.00
41.36	5.08
41.39	5.14
41.41	5.22
41.44	5.31
41.46	5.37
41.48	5.44
41.51	5.53
41.53	5.60
41.56	5.67
41.58	5.77
41.61	5.84
41.63	5.91
41.66	6.00
41.68	6.09
41.70	6.15
41.73	6.23
41.75	6.33
41.78	6.40
41.80	6.47
41.83	6.58
41.85	6.62
41.88	6.70
41.90	6.85
41.92	6.89
41.95	6.94
41.97	7.08
42.00	7.16
42.02	7.18
42.05	7.32
42.07	7.43
42.10	7.44
42.12	7.55
42.14	7.69
42.17	7.72
42.19	7.78
42.22	7.93
42.24	7.98
42.27	8.01
42.29	8.15
42.31	8.24
42.34	8.26
42.36	8.38
42.39	8.50
42.41	8.52
42.44	8.60
42.46	8.74
42.49	8.77
42.51	8.81
42.53	8.96
42.56	9.02
42.58	9.05
42.61	9.17
42.63	9.27
42.66	9.29
42.68	9.38
42.71	9.51
42.73	9.53
42.75	9.57
42.78	9.71
42.80	9.76
42.83	9.78
42.85	9.92
42.88	10.00
42.90	10.01
42.93	10.12
42.95	10.23
42.97	10.24
43.00	10.31
43.02	10.44
43.05	10.47
43.07	10.50
43.10	10.64
43.12	10.70
43.15	10.71
43.17	10.83
43.19	10.92
43.22	10.93
43.24	11.02
43.27	11.13
43.29	11.14
43.32	11.19
43.34	11.33
43.36	11.38
43.39	11.40
43.41	11.52
43.44	11.60
43.46	11.59
43.49	11.70
43.51	11.81
43.54	11.82
43.56	11.88
43.58	12.01
43.61	12.02
43.63	12.06
43.66	12.19
43.68	12.22
43.71	12.28
43.73	12.36
43.76	12.42
43.78	12.47
43.80	12.56
43.83	12.62
43.85	12.67
43.88	12.74
43.90	12.81
43.93	12.85
43.95	12.91
43.98	12.98
44.00	13.04
44.02	13.08
44.05	13.17
44.07	13.23
44.10	13.27
44.12	13.34
44.15	13.40
44.17	13.44
44.20	13.51
44.22	13.58
44.24	13.62
44.27	13.68
44.29	13.78
44.32	13.78
44.34	13.85
44.37	13.96
44.39	13.96
44.41	14.00
44.44	14.12
44.46	14.16
44.49	14.17
44.51	14.28
44.54	14.35
44.56	14.34
44.59	14.43
44.61	14.53
44.63	14.53
44.66	14.57
44.68	14.69
44.71	14.71
44.73	14.72
44.76	14.85
44.78	14.90
44.81	14.89
44.83	14.99
44.85	15.06
44.88	15.05
44.90	15.12
44.93	15.23
44.95	15.24
44.98	15.26
45.00	15.37
45.03	15.40
45.05	15.39
45.07	15.50
45.10	15.56
45.12	15.55
45.15	15.63
45.17	15.72
45.20	15.71
45.22	15.76
45.25	15.88
45.27	15.90
45.29	15.91
45.32	16.02
45.34	16.06
45.37	16.05
45.39	16.15
45.42	16.23
45.44	16.21
45.47	16.28
45.49	16.39
45.51	16.38
45.54	16.42
45.56	16.53
45.59	16.57
45.61	16.57
45.64	16.67
45.66	16.73
45.68	16.71
45.71	16.81
45.73	16.90
45.76	16.89
45.78	16.94
45.81	17.04
45.83	17.05
45.86	17.05
45.88	17.16
45.90	17.20
45.93	17.19
45.95	17.29
45.98	17.37
46.00	17.34
46.03	17.41
46.05	17.51
46.08	17.51
46.10	17.53
46.12	17.61
46.15	17.63
46.17	17.68
46.20	17.74
46.22	17.77
46.25	17.80
46.27	17.87
46.30	17.91
46.32	17.93
46.34	17.99
46.37	18.04
46.39	18.07
46.42	18.12
46.44	18.17
46.47	18.20
46.49	18.24
46.52	18.30
46.54	18.34
46.56	18.36
46.59	18.42
46.61	18.46
46.64	18.49
46.66	18.53
46.69	18.59
46.71	18.61
46.73	18.68
46.76	18.73
46.78	18.71
46.81	18.78
46.83	18.87
46.86	18.85
46.88	18.89
46.91	19.00
46.93	19.00
46.95	19.00
46.98	19.11
47.00	19.14
47.03	19.12
47.05	19.21
47.08	19.27
47.10	19.25
47.13	19.30
47.15	19.39
47.17	19.39
47.20	19.41
47.22	19.51
47.25	19.53
47.27	19.51
47.30	19.60
47.32	19.65
47.35	19.62
47.37	19.70
47.39	19.78
47.42	19.75
47.44	19.78
47.47	19.88
47.49	19.88
47.52	19.87
47.54	19.97
47.57	20.00
47.59	19.97
47.61	20.05
47.64	20.12
47.66	20.09
47.69	20.14
47.71	20.23
47.74	20.20
47.76	20.21
47.78	20.30
47.81	20.32
47.83	20.30
47.86	20.37
47.88	20.41
47.91	20.37
47.93	20.42
47.96	20.49
47.98	20.45
48.00	20.47
48.03	20.55
48.05	20.53
48.08	20.50
48.10	20.58
48.13	20.59
48.15	20.54
48.18	20.60
48.20	20.64
48.22	20.58
48.25	20.59
48.27	20.66
48.30	20.61
48.32	20.59
48.35	20.66
48.37	20.64
48.40	20.58
48.42	20.63
48.44	20.64
48.47	20.57
48.49	20.59
48.52	20.63
48.54	20.57
48.57	20.58
48.59	20.58
48.62	20.54
48.64	20.54
48.66	20.53
48.69	20.50
48.71	20.48
48.74	20.48
48.76	20.45
48.79	20.41
48.81	20.42
48.84	20.39
48.86	20.35
48.88	20.33
48.91	20.33
48.93	20.28
48.96	20.25
48.98	20.23
49.01	20.20
49.03	20.15
49.05	20.14
49.08	20.11
49.10	20.06
49.13	20.04
49.15	20.02
49.18	19.92
49.20	19.94
49.23	19.91
49.25	19.81
49.27	19.82
49.30	19.81
49.32	19.71
49.35	19.68
49.37	19.69
49.40	19.61
49.42	19.53
49.45	19.56
49.47	19.50
49.49	19.39
49.52	19.40
49.54	19.37
49.57	19.27
49.59	19.25
49.62	19.25
49.64	19.15
49.67	19.08
49.69	19.09
49.71	19.01
49.74	18.92
49.76	18.92
49.79	18.88
49.81	18.76
49.84	18.74
49.86	18.73
49.89	18.61
49.91	18.56
49.93	18.56
49.96	18.46
49.98	18.37
50.01	18.37
50.03	18.30
50.06	18.19
50.08	18.18
50.10	18.14
50.13	18.01
50.15	17.96
50.18	17.95
50.20	17.83
50.23	17.75
50.25	17.75
50.28	17.66
50.30	17.55
50.32	17.53
50.35	17.46
50.37	17.34
50.40	17.31
50.42	17.29
50.45	17.16
50.47	17.09
50.50	17.08
50.52	16.95
50.54	16.85
50.57	16.85
50.59	16.77
50.62	16.64
50.64	16.61
50.67	16.53
50.69	16.39
50.72	16.35
50.74	16.33
50.76	16.20
50.79	16.11
50.81	16.10
50.84	16.00
50.86	15.88
50.89	15.86
50.91	15.80
50.94	15.66
50.96	15.62
50.98	15.59
51.01	15.47
51.03	15.41
51.06	15.34
51.08	15.24
51.11	15.17
51.13	15.12
51.15	15.02
51.18	14.95
51.20	14.89
51.23	14.82
51.25	14.73
51.28	14.71
51.30	14.63
51.33	14.54
51.35	14.47
51.37	14.41
51.40	14.31
51.42	14.25
51.45	14.18
51.47	14.10
51.50	14.01
51.52	13.97
51.55	13.89
51.57	13.80
51.59	13.73
51.62	13.65
51.64	13.54
51.67	13.54
51.69	13.46
51.72	13.32
51.74	13.29
51.77	13.24
51.79	13.10
51.81	13.05
51.84	13.02
51.86	12.90
51.89	12.80
51.91	12.79
51.94	12.70
51.96	12.58
51.99	12.56
52.01	12.50
52.03	12.36
52.06	12.31
52.08	12.28
52.11	12.15
52.13	12.08
52.16	12.07
52.18	11.95
52.20	11.85
52.23	11.83
52.25	11.75
52.28	11.62
52.30	11.59
52.33	11.55
52.35	11.41
52.38	11.34
52.40	11.32
52.42	11.20
52.45	11.11
52.47	11.10
52.50	11.01
52.52	10.88
52.55	10.86
52.57	10.80
52.60	10.66
52.62	10.62
52.64	10.59
52.67	10.47
52.69	10.39
52.72	10.38
52.74	10.26
52.77	10.15
52.79	10.15
52.82	10.07
52.84	9.94
52.86	9.91
52.89	9.87
52.91	9.73
52.94	9.68
52.96	9.67
52.99	9.55
53.01	9.45
53.04	9.45
53.06	9.35
53.08	9.23
53.11	9.21
53.13	9.16
53.16	9.03
53.18	8.99
53.21	8.96
53.23	8.84
53.26	8.76
53.28	8.76
53.30	8.65
53.33	8.54
53.35	8.53
53.38	8.46
53.40	8.33
53.43	8.31
53.45	8.25
53.47	8.16
53.50	8.11
53.52	8.05
53.55	7.96
53.57	7.90
53.60	7.86
53.62	7.77
53.65	7.71
53.67	7.65
53.69	7.57
53.72	7.49
53.74	7.45
53.77	7.37
53.79	7.29
53.82	7.24
53.84	7.18
53.87	7.10
53.89	7.04
53.91	6.99
53.94	6.92
53.96	6.84
53.99	6.80
54.01	6.72
54.04	6.64
54.06	6.63
54.09	6.51
54.11	6.43
54.13	6.43
54.16	6.35
54.18	6.23
54.21	6.22
54.23	6.18
54.26	6.04
54.28	6.00
54.31	5.99
54.33	5.87
54.35	5.81
54.38	5.81
54.40	5.73
54.43	5.62
54.45	5.62
54.48	5.56
54.50	5.44
54.52	5.41
54.55	5.40
54.57	5.27
54.60	5.22
54.62	5.23
54.65	5.12
54.67	5.03
54.70	5.04
54.72	4.97
54.74	4.86
54.77	4.85
54.79	4.81
54.82	4.69
54.84	4.65
54.87	4.65
54.89	4.54
54.92	4.47
54.94	4.49
54.96	4.40
54.99	4.29
55.01	4.30
55.04	4.25
55.06	4.14
55.09	4.12
55.11	4.10
55.14	3.99
55.16	3.93
55.18	3.95
55.21	3.85
55.23	3.76
55.26	3.78
55.28	3.72
55.31	3.61
55.33	3.62
55.36	3.59
55.38	3.48
55.40	3.45
55.43	3.45
55.45	3.35
55.48	3.28
55.50	3.30
55.53	3.24
55.55	3.14
55.57	3.16
55.60	3.12
55.62	3.01
55.65	3.01
55.67	3.01
55.70	2.90
55.72	2.86
55.75	2.89
55.77	2.82
55.79	2.75
55.82	2.79
55.84	2.75
55.87	2.66
55.89	2.68
55.92	2.64
55.94	2.61
55.97	2.61
55.99	2.57
56.01	2.54
56.04	2.55
56.06	2.55
56.09	2.52
56.11	2.53
56.14	2.54
56.16	2.54
56.19	2.52
56.21	2.56
56.23	2.57
56.26	2.57
56.28	2.61
56.31	2.64
56.33	2.65
56.36	2.68
56.38	2.73
56.41	2.74
56.43	2.78
56.45	2.84
56.48	2.88
56.50	2.91
56.53	3.03
56.55	3.02
56.58	3.06
56.60	3.21
56.62	3.25
56.65	3.26
56.67	3.38
56.70	3.46
56.72	3.46
56.75	3.57
56.77	3.70
56.80	3.71
56.82	3.78
56.84	3.93
56.87	3.96
56.89	4.01
56.92	4.16
56.94	4.23
56.97	4.26
56.99	4.39
57.02	4.50
57.04	4.52
57.06	4.62
57.09	4.77
57.11	4.80
57.14	4.86
57.16	5.02
57.19	5.08
57.21	5.11
57.24	5.25
57.26	5.35
57.28	5.37
57.31	5.49
57.33	5.62
57.36	5.64
57.38	5.72
57.41	5.87
57.43	5.92
57.46	5.97
57.48	6.12
57.50	6.20
57.53	6.22
57.55	6.36
57.58	6.48
57.60	6.50
57.63	6.58
57.65	6.73
57.68	6.77
57.70	6.84
57.72	7.01
57.75	7.09
57.77	7.13
57.80	7.28
57.82	7.40
57.85	7.43
57.87	7.56
57.89	7.72
57.92	7.77
57.94	7.88
57.97	8.06
57.99	8.14
58.02	8.21
58.04	8.41
58.07	8.53
58.09	8.58
58.11	8.76
58.14	8.93
58.16	8.99
58.19	9.15
58.21	9.35
58.24	9.47
58.26	9.60
58.29	9.82
58.31	9.96
58.33	10.11
58.36	10.28
58.38	10.43
58.41	10.59
58.43	10.79
58.46	10.97
58.48	11.14
58.51	11.34
58.53	11.54
58.55	11.71
58.58	11.92
58.60	12.13
58.63	12.31
58.65	12.50
58.68	12.73
58.70	12.94
58.73	13.14
58.75	13.38
58.77	13.60
58.80	13.81
58.82	14.05
58.85	14.29
58.87	14.50
58.90	14.74
58.92	14.98
58.94	15.16
58.97	15.43
58.99	15.73
59.02	15.92
59.04	16.15
59.07	16.48
59.09	16.69
59.12	16.91
59.14	17.24
59.16	17.52
59.19	17.72
59.21	18.03
59.24	18.34
59.26	18.56
59.29	18.84
59.31	19.21
59.34	19.45
59.36	19.72
59.38	20.10
59.41	20.39
59.43	20.65
59.46	21.04
59.48	21.37
59.51	21.62
59.53	21.98
59.56	22.38
59.58	22.68
59.60	23.03
59.63	23.48
59.65	23.84
59.68	24.18
59.70	24.65
59.73	25.07
59.75	25.43
59.78	25.90
59.80	26.38
59.82	26.78
59.85	27.26
59.87	27.83
59.90	28.30
59.92	28.79
59.95	29.44
59.97	30.02
59.99	30.57
60.02	31.29
60.04	32.01
60.07	32.63
60.09	33.42
60.12	34.29
60.14	35.09
60.17	35.99
60.19	36.94
60.21	37.81
60.24	38.64
60.26	39.51
60.29	40.35
60.31	41.11
60.34	41.89
60.36	42.66
60.39	43.36
60.41	44.06
60.43	44.78
60.46	45.42
60.48	46.00
60.51	46.62
60.53	47.18
60.56	47.64
60.58	48.11
60.61	48.56
60.63	48.89
60.65	49.20
60.68	49.52
60.70	49.72
60.73	49.86
60.75	49.99
60.78	49.99
60.80	49.99
60.83	49.99
60.85	49.99
60.87	49.99
60.90	49.99
60.92	49.99
60.95	49.99
60.97	49.99
61.00	49.99
61.02	49.99
61.05	49.99
61.07	49.99
61.09	49.99
61.12	49.99
61.14	49.99
61.17	49.99
61.19	49.99
61.22	49.99
61.24	49.99
61.26	49.99
61.29	49.99
61.31	49.99
61.34	49.99
61.36	49.99
61.39	49.99
61.41	49.99
61.44	49.99
61.46	49.99
61.48	49.99
61.51	49.99
61.53	49.99
61.56	49.99
61.58	49.99
61.61	49.99
61.63	49.99
61.66	49.99
61.68	49.99
61.70	49.99
61.73	49.99
61.75	49.99
61.78	49.99
61.80	49.99
61.83	49.99
61.85	49.99
61.88	49.99
61.90	49.99
61.92	49.99
61.95	49.99
61.97	49.99
62.00	49.99
62.02	49.99
62.05	49.99
62.07	49.99
62.10	49.99
62.12	49.99
62.14	49.99
62.17	49.99
62.19	49.99
62.22	49.99
62.24	49.99
62.27	49.99
62.29	49.99
62.31	49.99
62.34	49.99
62.36	49.99
62.39	49.99
62.41	49.99
62.44	49.99
62.46	49.99
62.49	49.99
62.51	49.99
62.53	49.99
62.56	49.99
62.58	49.99
62.61	49.99
62.63	49.99
62.66	49.99
62.68	49.99
62.71	49.99
62.73	49.99
62.75	49.99
62.78	49.99
62.80	49.99
62.83	49.99
62.85	49.99
62.88	49.99
62.90	49.99
62.93	49.99
62.95	49.99
62.97	49.99
63.00	49.99
63.02	49.99
63.05	49.99
63.07	49.99
63.10	49.99
63.12	49.99
63.15	49.99
63.17	49.99
63.19	49.99
63.22	49.99
63.24	49.99
63.27	49.99
63.29	49.99
63.32	49.99
63.34	49.99
63.36	49.99
63.39	49.99
63.41	49.99
63.44	49.99
63.46	49.99
63.49	49.99
63.51	49.99
63.54	49.99
63.56	49.99
63.58	49.99
63.61	49.99
63.63	49.99
63.66	49.99
63.68	49.99
63.71	49.99
63.73	49.99
63.76	49.99
63.78	49.99
63.80	49.99
63.83	49.99
63.85	49.99
63.88	49.99
63.90	49.99
63.93	49.99
63.95	49.99
63.98	49.99
64.00	49.99
64.02	49.99
64.05	49.99
64.07	49.99
64.10	49.99
64.12	49.99
64.15	49.99
64.17	49.99
64.20	49.99
64.22	49.99
64.24	49.99
64.27	49.99
64.29	49.99
64.32	49.99
64.34	49.99
64.37	49.99
64.39	49.99
64.41	49.99
64.44	49.99
64.46	49.99
64.49	49.99
64.51	49.99
64.54	49.99
64.56	49.99
64.59	49.99
64.61	49.99
64.63	49.99
64.66	49.99
64.68	49.99
64.71	49.99
64.73	49.99
64.76	49.99
64.78	49.99
64.81	49.99
64.83	49.99
64.85	49.99
64.88	49.99
64.90	49.99
64.93	49.99
64.95	49.99
64.98	49.99
65.00	49.99
65.03	49.99
65.05	49.99
65.07	49.99
65.10	49.99
65.12	49.99
65.15	49.99
65.17	49.99
65.20	49.99
65.22	49.99
65.25	49.99
65.27	49.99
65.29	49.99
65.32	49.99
65.34	49.99
65.37	49.99
65.39	49.99
65.42	49.99
65.44	49.99
65.47	49.99
65.49	49.99
65.51	49.99
65.54	49.99
65.56	49.99
65.59	49.99
65.61	49.99
65.64	49.99
65.66	49.99
65.68	49.99
65.71	49.99
65.73	49.99
65.76	49.99
65.78	49.99
65.81	49.99
65.83	49.99
65.86	49.99
65.88	49.99
65.90	49.99
65.93	49.99
65.95	49.99
65.98	49.99
66.00	49.99
66.03	49.99
66.05	49.99
66.08	49.99
66.10	49.99
66.12	49.99
66.15	49.99
66.17	49.99
66.20	49.99
66.22	49.99
66.25	49.99
66.27	49.99
66.30	49.99
66.32	49.99
66.34	49.99
66.37	49.99
66.39	49.99
66.42	49.99
66.44	49.99
66.47	49.99
66.49	49.99
66.52	49.99
66.54	49.99
66.56	49.99
66.59	49.99
66.61	49.99
66.64	49.99
66.66	49.99
66.69	49.99
66.71	49.99
66.73	49.99
66.76	49.99
66.78	49.99
66.81	49.99
66.83	49.99
66.86	49.99
66.88	49.99
66.91	49.99
66.93	49.99
66.95	49.99
66.98	49.99
67.00	49.99
67.03	49.99
67.05	49.99
67.08	49.99
67.10	49.99
67.13	49.99
67.15	49.99
67.17	49.99
67.20	49.99
67.22	49.99
67.25	49.99
67.27	49.99
67.30	49.99
67.32	49.99
67.35	49.99
67.37	49.99
67.39	49.99
67.42	49.99
67.44	49.99
67.47	49.99
67.49	49.99
67.52	49.99
67.54	49.99
67.57	49.99
67.59	49.99
67.61	49.99
67.64	49.99
67.66	49.99
67.69	49.99
67.71	49.99
67.74	49.99
67.76	49.99
67.78	49.99
67.81	49.99
67.83	49.99
67.86	49.99
67.88	49.99
67.91	49.99
67.93	49.99
67.96	49.99
67.98	49.99
68.00	49.99
68.03	49.99
68.05	49.99
68.08	49.99
68.10	49.99
68.13	49.99
68.15	49.99
68.18	49.99
68.20	49.99
68.22	49.99
68.25	49.99
68.27	49.99
68.30	49.99
68.32	49.99
68.35	49.99
68.37	49.99
68.40	49.99
68.42	49.99
68.44	49.99
68.47	49.99
68.49	49.99
68.52	49.99
68.54	49.99
68.57	49.99
68.59	49.99
68.62	49.99
68.64	49.99
68.66	49.99
68.69	49.99
68.71	49.99
68.74	49.99
68.76	49.99
68.79	49.99
68.81	49.99
68.83	49.99
68.86	49.99
68.88	49.99
68.91	49.99
68.93	49.99
68.96	49.99
68.98	49.99
69.01	49.99
69.03	49.99
69.05	49.99
69.08	49.99
69.10	49.99
69.13	49.99
69.15	49.99
69.18	49.99
69.20	49.99
69.23	49.99
69.25	49.99
69.27	49.99
69.30	49.99
69.32	49.99
69.35	49.99
69.37	49.99
69.40	49.99
69.42	49.99
69.45	49.99
69.47	49.99
69.49	49.99
69.52	49.99
69.54	49.99
69.57	49.99
69.59	49.99
69.62	49.99
69.64	49.99
69.67	49.99
69.69	49.99
69.71	49.99
69.74	49.99
69.76	49.99
69.79	49.99
69.81	49.99
69.84	49.99
69.86	49.99
69.89	49.99
69.91	49.99
69.93	49.99
69.96	49.99
69.98	49.99
70.01	49.99
70.03	49.99
70.06	49.99
70.08	49.99
70.10	49.99
70.13	49.99
70.15	49.99
70.18	49.99
70.20	49.99
70.23	49.99
70.25	49.99
70.28	49.99
70.30	49.99
70.32	49.99
70.35	49.99
70.37	49.99
70.40	49.99
70.42	49.99
70.45	49.99
70.47	49.99
70.50	49.99
70.52	49.99
70.54	49.99
70.57	49.99
70.59	49.99
70.62	49.99
70.64	49.99
70.67	49.99
70.69	49.99
70.72	49.99
70.74	49.99
70.76	49.99
70.79	49.99
70.81	49.99
70.84	49.99
70.86	49.99
70.89	49.99
70.91	49.99
70.94	49.99
70.96	49.99
70.98	49.99
71.01	49.99
71.03	49.99
71.06	49.99
71.08	49.99
71.11	49.99
71.13	49.99
71.15	49.99
71.18	49.99
71.20	49.99
71.23	49.99
71.25	49.99
71.28	49.99
71.30	49.99
71.33	49.99
71.35	49.99
71.37	49.99
71.40	49.99
71.42	49.99
71.45	49.99
71.47	49.99
71.50	49.99
71.52	49.99
71.55	49.99
71.57	49.99
71.59	49.99
71.62	49.99
71.64	49.99
71.67	49.99
71.69	49.99
71.72	49.99
71.74	49.99
71.77	49.99
71.79	49.99
71.81	49.99
71.84	49.99
71.86	49.99
71.89	49.99
71.91	49.99
71.94	49.99
71.96	49.99
71.99	49.99
72.01	49.99
72.03	49.99
72.06	49.99
72.08	49.99
72.11	49.99
72.13	49.99
72.16	49.99
72.18	49.99
72.20	49.99
72.23	49.99
72.25	49.99
72.28	49.99
72.30	49.99
72.33	49.99
72.35	49.99
72.38	49.99
72.40	49.99
72.42	49.99
72.45	49.99
72.47	49.99
72.50	49.99
72.52	49.99
72.55	49.99
72.57	49.99
72.60	49.99
72.62	49.99
72.64	49.99
72.67	49.99
72.69	49.99
72.72	49.99
72.74	49.99
72.77	49.99
72.79	49.99
72.82	49.99
72.84	49.99
72.86	49.99
72.89	49.99
72.91	49.99
72.94	49.99
72.96	49.99
72.99	49.99
73.01	49.99
73.04	49.99
73.06	49.99
73.08	49.99
73.11	49.99
73.13	49.99
73.16	49.99
73.18	49.99
73.21	49.99
73.23	49.99
73.25	49.99
73.28	49.99
73.30	49.99
73.33	49.99
73.35	49.99
73.38	49.99
73.40	49.99
73.43	49.99
73.45	49.99
73.47	49.99
73.50	49.99
73.52	49.99
73.55	49.99
73.57	49.99
73.60	49.99
73.62	49.99
73.65	49.99
73.67	49.99
73.69	49.99
73.72	49.99
73.74	49.99
73.77	49.99
73.79	49.99
73.82	49.99
73.84	49.99
73.87	49.99
73.89	49.99
73.91	49.99
73.94	49.99
73.96	49.99
73.99	49.99
74.01	49.99
74.04	49.99
74.06	49.99
74.09	49.99
74.11	49.99
74.13	49.99
74.16	49.99
74.18	49.99
74.21	49.99
74.23	49.99
74.26	49.99
74.28	49.99
74.31	49.99
74.33	49.99
74.35	49.99
74.38	49.99
74.40	49.99
74.43	49.99
74.45	49.99
74.48	49.99
74.50	49.99
74.52	49.99
74.55	49.99
74.57	49.99
74.60	49.99
74.62	49.99
74.65	49.99
74.67	49.99
74.70	49.99
74.72	49.99
74.74	49.99
74.77	49.99
74.79	49.99
74.82	49.99
74.84	49.99
74.87	49.99
74.89	49.99
74.92	49.99
74.94	49.99
74.96	49.99
74.99	49.99
75.01	49.99
75.04	49.99
75.06	49.99
75.09	49.99
75.11	49.99
75.14	49.99
75.16	49.99
75.18	49.99
75.21	49.99
75.23	49.99
75.26	49.99
75.28	49.99
75.31	49.99
75.33	49.99
75.36	49.99
75.38	49.99
75.40	49.99
75.43	49.99
75.45	49.99
75.48	49.99
75.50	49.99
75.53	49.99
75.55	49.99
75.57	49.99
75.60	49.99
75.62	49.99
75.65	49.99
75.67	49.99
75.70	49.99
75.72	49.99
75.75	49.99
75.77	49.99
75.79	49.99
75.82	49.99
75.84	49.99
75.87	49.99
75.89	49.99
75.92	49.99
75.94	49.99
75.97	49.99
75.99	49.99
76.01	49.99
76.04	49.99
76.06	49.99
76.09	49.99
76.11	49.99
76.14	49.99
76.16	49.99
76.19	49.99
76.21	49.99
76.23	49.99
76.26	49.99
76.28	49.99
76.31	49.99
76.33	49.99
76.36	49.99
76.38	49.99
76.41	49.99
76.43	49.99
76.45	49.99
76.48	49.99
76.50	49.99
76.53	49.99
76.55	49.99
76.58	49.99
76.60	49.99
76.62	49.99
76.65	49.99
76.67	49.99
76.70	49.99
76.72	49.99
76.75	49.99
76.77	49.99
76.80	49.99
76.82	49.99
76.84	49.99
76.87	49.99
76.89	49.99
76.92	49.99
76.94	49.99
76.97	49.99
76.99	49.99
77.02	49.99
77.04	49.99
77.06	49.99
77.09	49.99
77.11	49.99
77.14	49.99
77.16	49.99
77.19	49.99
77.21	49.99
77.24	49.99
77.26	49.99
77.28	49.99
77.31	49.99
77.33	49.99
77.36	49.99
77.38	49.99
77.41	49.99
77.43	49.99
77.46	49.99
77.48	49.99
77.50	49.99
77.53	49.99
77.55	49.99
77.58	49.99
77.60	49.99
77.63	49.99
77.65	49.99
77.68	49.99
77.70	49.99
77.72	49.99
77.75	49.99
77.77	49.99
77.80	49.99
77.82	49.99
77.85	49.99
77.87	49.99
77.89	49.99
77.92	49.99
77.94	49.99
77.97	49.99
77.99	49.99
78.02	49.99
78.04	49.99
78.07	49.99
78.09	49.99
78.11	49.99
78.14	49.99
78.16	49.99
78.19	49.99
78.21	49.99
78.24	49.99
78.26	49.99
78.29	49.99
78.31	49.99
78.33	49.99
78.36	49.99
78.38	49.99
78.41	49.99
78.43	49.99
78.46	49.99
78.48	49.99
78.51	49.99
78.53	49.99
78.55	49.99
78.58	49.99
78.60	49.99
78.63	49.99
78.65	49.99
78.68	49.99
78.70	49.99
78.73	49.99
78.75	49.99
78.77	49.99
78.80	49.99
78.82	49.99
78.85	49.99
78.87	49.99
78.90	49.99
78.92	49.99
78.94	49.99
78.97	49.99
78.99	49.99
79.02	49.99
79.04	49.99
79.07	49.99
79.09	49.99
79.12	49.99
79.14	49.99
79.16	49.99
79.19	49.99
79.21	49.99
79.24	49.99
79.26	49.99
79.29	49.99
79.31	49.99
79.34	49.99
79.36	49.99
79.38	49.99
79.41	49.99
79.43	49.99
79.46	49.99
79.48	49.99
79.51	49.99
79.53	49.99
79.56	49.99
79.58	49.99
79.60	49.99
79.63	49.99
79.65	49.99
79.68	49.99
79.70	49.99
79.73	49.99
79.75	49.99
79.78	49.99
79.80	49.99
79.82	49.99
79.85	49.99
79.87	49.99
79.90	49.99
79.92	49.99
79.95	49.99
79.97	49.99
79.99	49.99
80.02	49.99
80.04	49.99
80.07	49.99
80.09	49.99
80.12	49.99
80.14	49.99
80.17	49.99
80.19	49.99
80.21	49.99
80.24	49.99
80.26	49.99
80.29	49.99
80.31	49.99
80.34	49.99
80.36	49.99
80.39	49.99
80.41	49.99
80.43	49.99
80.46	49.99
80.48	49.99
80.51	49.99
80.53	49.99
80.56	49.99
80.58	49.99
80.61	49.99
80.63	49.99
80.65	49.99
80.68	49.99
80.70	49.99
80.73	49.99
80.75	49.99
80.78	49.99
80.80	49.99
80.83	49.99
80.85	49.99
80.87	49.99
80.90	49.99
80.92	49.99
80.95	49.99
80.97	49.99
81.00	49.99
81.02	49.99
81.04	49.99
81.07	49.99
81.09	49.99
81.12	49.99
81.14	49.99
81.17	49.99
81.19	49.99
81.22	49.99
81.24	49.99
81.26	49.99
81.29	49.99
81.31	49.99
81.34	49.99
81.36	49.99
81.39	49.99
81.41	49.99
81.44	49.99
81.46	49.99
81.48	49.99
81.51	49.99
81.53	49.99
81.56	49.99
81.58	49.99
81.61	49.99
81.63	49.99
81.66	49.99
81.68	49.99
81.70	49.99
81.73	49.99
81.75	49.99
81.78	49.99
81.80	49.99
81.83	49.99
81.85	49.99
81.88	49.99
81.90	49.99
81.92	49.99
81.95	49.99
81.97	49.99
82.00	49.99
82.02	49.99
82.05	49.99
82.07	49.99
82.10	49.99
82.12	49.99
82.14	49.99
82.17	49.99
82.19	49.99
82.22	49.99
82.24	49.99
82.27	49.99
82.29	49.99
82.31	49.99
82.34	49.99
82.36	49.99
82.39	49.99
82.41	49.99
82.44	49.99
82.46	49.99
82.49	49.99
82.51	49.99
82.53	49.99
82.56	49.99
82.58	49.99
82.61	49.99
82.63	49.99
82.66	49.99
82.68	49.99
82.71	49.99
82.73	49.99
82.75	49.99
82.78	49.99
82.80	49.99
82.83	49.99
82.85	49.99
82.88	49.99
82.90	49.99
82.93	49.99
82.95	49.99
82.97	49.99
83.00	49.99
83.02	49.99
83.05	49.99
83.07	49.99
83.10	49.99
83.12	49.99
83.15	49.99
83.17	49.99
83.19	49.99
83.22	49.99
83.24	49.99
83.27	49.99
83.29	49.99
83.32	49.99
83.34	49.99
83.36	49.99
83.39	49.99
83.41	49.99
83.44	49.99
83.46	49.99
83.49	49.99
83.51	49.99
83.54	49.99
83.56	49.99
83.58	49.99
83.61	49.99
83.63	49.99
83.66	49.99
83.68	49.99
83.71	49.99
83.73	49.99
83.76	49.99
83.78	49.99
83.80	49.99
83.83	49.99
83.85	49.99
83.88	49.99
83.90	49.99
83.93	49.99
83.95	49.99
83.98	49.99
84.00	49.99
84.02	49.99
84.05	49.99
84.07	49.99
84.10	49.99
84.12	49.99
84.15	49.99
84.17	49.99
84.20	49.99
84.22	49.99
84.24	49.99
84.27	49.99
84.29	49.99
84.32	49.99
84.34	49.99
84.37	49.99
84.39	49.99
84.41	49.99
84.44	49.99
84.46	49.99
84.49	49.99
84.51	49.99
84.54	49.99
84.56	49.99
84.59	49.99
84.61	49.99
84.63	49.99
84.66	49.99
84.68	49.99
84.71	49.99
84.73	49.99
84.76	49.99
84.78	49.99
84.81	49.99
84.83	49.99
84.85	49.99
84.88	49.99
84.90	49.99
84.93	49.99
84.95	49.99
84.98	49.99
85.00	49.99
85.03	49.99
85.05	49.99
85.07	49.99
85.10	49.99
85.12	49.99
85.15	49.99
85.17	49.99
85.20	49.99
85.22	49.99
85.25	49.99
85.27	49.99
85.29	49.99
85.32	49.99
85.34	49.99
85.37	49.99
85.39	49.99
85.42	49.99
85.44	49.99
85.47	49.99
85.49	49.99
85.51	49.99
85.54	49.99
85.56	49.99
85.59	49.99
85.61	49.99
85.64	49.99
85.66	49.99
85.68	49.99
85.71	49.99
85.73	49.99
85.76	49.99
85.78	49.99
85.81	49.99
85.83	49.99
85.86	49.99
85.88	49.99
85.90	49.99
85.93	49.99
85.95	49.99
85.98	49.99
86.00	49.99
86.03	49.99
86.05	49.99
86.08	49.99
86.10	49.99
86.12	49.99
86.15	49.99
86.17	49.99
86.20	49.99
86.22	49.99
86.25	49.99
86.27	49.99
86.30	49.99
86.32	49.99
86.34	49.99
86.37	49.99
86.39	49.99
86.42	49.99
86.44	49.99
86.47	49.99
86.49	49.99
86.52	49.99
86.54	49.99
86.56	49.99
86.59	49.99
86.61	49.99
86.64	49.99
86.66	49.99
86.69	49.99
86.71	49.99
86.73	49.99
86.76	49.99
86.78	49.99
86.81	49.99
86.83	49.99
86.86	49.99
86.88	49.99
86.91	49.99
86.93	49.99
86.95	49.99
86.98	49.99
87.00	49.99
87.03	49.99
87.05	49.99
87.08	49.99
87.10	49.99
87.13	49.99
87.15	49.99
87.17	49.99
87.20	49.99
87.22	49.99
87.25	49.99
87.27	49.99
87.30	49.99
87.32	49.99
87.35	49.99
87.37	49.99
87.39	49.99
87.42	49.99
87.44	49.99
87.47	49.99
87.49	49.99
87.52	49.99
87.54	49.99
87.57	49.99
87.59	49.99
87.61	49.99
87.64	49.99
87.66	49.99
87.69	49.99
87.71	49.99
87.74	49.99
87.76	49.99
87.78	49.99
87.81	49.99
87.83	49.99
87.86	49.99
87.88	49.99
87.91	49.99
87.93	49.99
87.96	49.99
87.98	49.99
88.00	49.99
88.03	49.99
88.05	49.99
88.08	49.99
88.10	49.99
88.13	49.99
88.15	49.99
88.18	49.99
88.20	49.99
88.22	49.99
88.25	49.99
88.27	49.99
88.30	49.99
88.32	49.99
88.35	49.99
88.37	49.99
88.40	49.99
88.42	49.99
88.44	49.99
88.47	49.99
88.49	49.99
88.52	49.99
88.54	49.99
88.57	49.99
88.59	49.99
88.62	49.99
88.64	49.99
88.66	49.99
88.69	49.99
88.71	49.99
88.74	49.99
88.76	49.99
88.79	49.99
88.81	49.99
88.83	49.99
88.86	49.99
88.88	49.99
88.91	49.99
88.93	49.99
88.96	49.99
88.98	49.99
89.01	49.99
89.03	49.99
89.05	49.99
89.08	49.99
89.10	49.99
89.13	49.99
89.15	49.99
89.18	49.99
89.20	49.99
89.23	49.99
89.25	49.99
89.27	49.99
89.30	49.99
89.32	49.99
89.35	49.99
89.37	49.99
89.40	49.99
89.42	49.99
89.45	49.99
89.47	49.99
89.49	49.99
89.52	49.99
89.54	49.99
89.57	49.99
89.59	49.99
89.62	49.99
89.64	49.99
89.67	49.99
89.69	49.99
89.71	49.99
89.74	49.99
89.76	49.99
89.79	49.99
89.81	49.99
89.84	49.99
89.86	49.99
89.89	49.99
89.91	49.99
89.93	49.99
89.96	49.99
89.98	49.99
90.01	49.99
90.03	49.99
90.06	49.99
90.08	49.99
90.10	49.99
90.13	49.99
90.15	49.99
90.18	49.99
90.20	49.99
90.23	49.99
90.25	49.99
90.28	49.99
90.30	49.99
90.32	49.99
90.35	49.99
90.37	49.99
90.40	49.99
90.42	49.99
90.45	49.99
90.47	49.99
90.50	49.99
90.52	49.99
90.54	49.99
90.57	49.99
90.59	49.99
90.62	49.99
90.64	49.99
90.67	49.99
90.69	49.99
90.72	49.99
90.74	49.99
90.76	49.99
90.79	49.99
90.81	49.99
90.84	49.99
90.86	49.99
90.89	49.99
90.91	49.99
90.94	49.99
90.96	49.99
90.98	49.99
91.01	49.99
91.03	49.99
91.06	49.99
91.08	49.99
91.11	49.99
91.13	49.99
91.15	49.99
91.18	49.99
91.20	49.99
91.23	49.99
91.25	49.99
91.28	49.99
91.30	49.99
91.33	49.99
91.35	49.99
91.37	49.99
91.40	49.99
91.42	49.99
91.45	49.99
91.47	49.99
91.50	49.99
91.52	49.99
91.55	49.99
91.57	49.99
91.59	49.99
91.62	49.99
91.64	49.99
91.67	49.99
91.69	49.99
91.72	49.99
91.74	49.99
91.77	49.99
91.79	49.99
91.81	49.99
91.84	49.99
91.86	49.99
91.89	49.99
91.91	49.99
91.94	49.99
91.96	49.99
91.99	49.99
92.01	49.99
92.03	49.99
92.06	49.99
92.08	49.99
92.11	49.99
92.13	49.99
92.16	49.99
92.18	49.99
92.20	49.99
92.23	49.99
92.25	49.99
92.28	49.99
92.30	49.99
92.33	49.99
92.35	49.99
92.38	49.99
92.40	49.99
92.42	49.99
92.45	49.99
92.47	49.99
92.50	49.99
92.52	49.99
92.55	49.99
92.57	49.99
92.60	49.99
92.62	49.99
92.64	49.99
92.67	49.99
92.69	49.99
92.72	49.99
92.74	49.99
92.77	49.99
92.79	49.99
92.82	49.99
92.84	49.99
92.86	49.99
92.89	49.99
92.91	49.99
92.94	49.99
92.96	49.99
92.99	49.99
93.01	49.99
93.04	49.99
93.06	49.99
93.08	49.99
93.11	49.99
93.13	49.99
93.16	49.99
93.18	49.99
93.21	49.99
93.23	49.99
93.25	49.99
93.28	49.99
93.30	49.99
93.33	49.99
93.35	49.99
93.38	49.99
93.40	49.99
93.43	49.99
93.45	49.99
93.47	49.99
93.50	49.99
93.52	49.99
93.55	49.99
93.57	49.99
93.60	49.99
93.62	49.99
93.65	49.99
93.67	49.99
93.69	49.99
93.72	49.99
93.74	49.99
93.77	49.99
93.79	49.99
93.82	49.99
93.84	49.99
93.87	49.99
93.89	49.99
93.91	49.99
93.94	49.99
93.96	49.99
93.99	49.99
94.01	49.99
94.04	49.99
94.06	49.99
94.09	49.99
94.11	49.99
94.13	49.99
94.16	49.99
94.18	49.99
94.21	50.00
94.23	50.00
94.26	50.00
94.28	50.00
94.31	50.00
