Voltage U1	Corriente IA
U1/V	IA/nA

0.02	0.10
0.04	0.11
0.07	0.11
0.09	0.11
0.12	0.13
0.14	0.13
0.17	0.13
0.19	0.16
0.21	0.16
0.24	0.16
0.26	0.18
0.29	0.18
0.31	0.18
0.34	0.18
0.36	0.20
0.39	0.19
0.41	0.19
0.43	0.21
0.46	0.19
0.48	0.19
0.51	0.21
0.53	0.18
0.56	0.18
0.58	0.19
0.61	0.19
0.63	0.19
0.65	0.19
0.68	0.20
0.70	0.19
0.73	0.19
0.75	0.22
0.78	0.19
0.80	0.19
0.83	0.22
0.85	0.19
0.87	0.19
0.90	0.19
0.92	0.20
0.95	0.19
0.97	0.19
1.00	0.21
1.02	0.20
1.05	0.20
1.07	0.22
1.09	0.19
1.12	0.19
1.14	0.20
1.17	0.20
1.19	0.20
1.22	0.20
1.24	0.21
1.26	0.20
1.29	0.20
1.31	0.22
1.34	0.20
1.36	0.20
1.39	0.22
1.41	0.19
1.44	0.19
1.46	0.20
1.48	0.19
1.51	0.19
1.53	0.19
1.56	0.21
1.58	0.19
1.61	0.19
1.63	0.21
1.66	0.19
1.68	0.19
1.70	0.20
1.73	0.19
1.75	0.19
1.78	0.19
1.80	0.20
1.83	0.19
1.85	0.19
1.88	0.22
1.90	0.20
1.92	0.20
1.95	0.22
1.97	0.19
2.00	0.19
2.02	0.19
2.05	0.20
2.07	0.19
2.10	0.19
2.12	0.22
2.14	0.20
2.17	0.20
2.19	0.23
2.22	0.21
2.24	0.21
2.27	0.22
2.29	0.21
2.31	0.21
2.34	0.21
2.36	0.22
2.39	0.21
2.41	0.21
2.44	0.23
2.46	0.21
2.49	0.21
2.51	0.23
2.53	0.20
2.56	0.20
2.58	0.21
2.61	0.20
2.63	0.20
2.66	0.20
2.68	0.22
2.71	0.20
2.73	0.20
2.75	0.23
2.78	0.20
2.80	0.20
2.83	0.21
2.85	0.19
2.88	0.19
2.90	0.19
2.93	0.20
2.95	0.19
2.97	0.19
3.00	0.21
3.02	0.19
3.05	0.19
3.07	0.21
3.10	0.18
3.12	0.18
3.15	0.19
3.17	0.19
3.19	0.19
3.22	0.19
3.24	0.21
3.27	0.19
3.29	0.19
3.32	0.22
3.34	0.19
3.36	0.19
3.39	0.21
3.41	0.18
3.44	0.18
3.46	0.19
3.49	0.20
3.51	0.19
3.54	0.19
3.56	0.21
3.58	0.20
3.61	0.20
3.63	0.22
3.66	0.20
3.68	0.20
3.71	0.20
3.73	0.20
3.76	0.20
3.78	0.20
3.80	0.21
3.83	0.20
3.85	0.20
3.88	0.22
3.90	0.19
3.93	0.19
3.95	0.22
3.98	0.20
4.00	0.20
4.02	0.20
4.05	0.21
4.07	0.20
4.10	0.20
4.12	0.22
4.15	0.20
4.17	0.20
4.20	0.23
4.22	0.20
4.24	0.20
4.27	0.21
4.29	0.20
4.32	0.20
4.34	0.20
4.37	0.22
4.39	0.21
4.42	0.21
4.44	0.23
4.46	0.21
4.49	0.21
4.51	0.22
4.54	0.20
4.56	0.20
4.59	0.21
4.61	0.21
4.63	0.20
4.66	0.20
4.68	0.22
4.71	0.20
4.73	0.20
4.76	0.23
4.78	0.20
4.81	0.20
4.83	0.21
4.85	0.20
4.88	0.20
4.90	0.20
4.93	0.21
4.95	0.20
4.98	0.20
5.00	0.22
5.03	0.20
5.05	0.20
5.07	0.22
5.10	0.20
5.12	0.20
5.15	0.20
5.17	0.21
5.20	0.21
5.22	0.21
5.25	0.23
5.27	0.21
5.29	0.21
5.32	0.22
5.34	0.20
5.37	0.20
5.39	0.21
5.42	0.20
5.44	0.20
5.47	0.20
5.49	0.21
5.51	0.19
5.54	0.19
5.56	0.22
5.59	0.20
5.61	0.20
5.64	0.22
5.66	0.20
5.68	0.20
5.71	0.20
5.73	0.20
5.76	0.19
5.78	0.19
5.81	0.22
5.83	0.20
5.86	0.20
5.88	0.23
5.90	0.20
5.93	0.20
5.95	0.21
5.98	0.21
6.00	0.21
6.03	0.21
6.05	0.22
6.08	0.21
6.10	0.21
6.12	0.23
6.15	0.21
6.17	0.21
6.20	0.24
6.22	0.21
6.25	0.21
6.27	0.22
6.30	0.22
6.32	0.22
6.34	0.22
6.37	0.24
6.39	0.22
6.42	0.22
6.44	0.24
6.47	0.21
6.49	0.21
6.52	0.23
6.54	0.22
6.56	0.22
6.59	0.22
6.61	0.23
6.64	0.22
6.66	0.22
6.69	0.25
6.71	0.22
6.73	0.22
6.76	0.24
6.78	0.21
6.81	0.21
6.83	0.22
6.86	0.22
6.88	0.21
6.91	0.21
6.93	0.24
6.95	0.21
6.98	0.21
7.00	0.24
7.03	0.21
7.05	0.21
7.08	0.23
7.10	0.22
7.13	0.22
7.15	0.22
7.17	0.22
7.20	0.21
7.22	0.21
7.25	0.23
7.27	0.21
7.30	0.21
7.32	0.23
7.35	0.20
7.37	0.20
7.39	0.21
7.42	0.21
7.44	0.21
7.47	0.21
7.49	0.23
7.52	0.21
7.54	0.21
7.57	0.24
7.59	0.21
7.61	0.21
7.64	0.23
7.66	0.21
7.69	0.21
7.71	0.22
7.74	0.23
7.76	0.21
7.78	0.21
7.81	0.24
7.83	0.22
7.86	0.22
7.88	0.24
7.91	0.21
7.93	0.21
7.96	0.22
7.98	0.21
8.00	0.21
8.03	0.21
8.05	0.23
8.08	0.22
8.10	0.22
8.13	0.24
8.15	0.22
8.18	0.22
8.20	0.23
8.22	0.21
8.25	0.21
8.27	0.21
8.30	0.22
8.32	0.21
8.35	0.21
8.37	0.24
8.40	0.21
8.42	0.21
8.44	0.24
8.47	0.21
8.49	0.21
8.52	0.22
8.54	0.22
8.57	0.22
8.59	0.22
8.62	0.24
8.64	0.23
8.66	0.23
8.69	0.26
8.71	0.23
8.74	0.23
8.76	0.25
8.79	0.23
8.81	0.23
8.84	0.23
8.86	0.24
8.88	0.23
8.91	0.23
8.93	0.26
8.96	0.24
8.98	0.24
9.01	0.26
9.03	0.23
9.05	0.23
9.08	0.25
9.10	0.24
9.13	0.24
9.15	0.24
9.18	0.25
9.20	0.23
9.23	0.23
9.25	0.27
9.27	0.24
9.30	0.24
9.32	0.26
9.35	0.24
9.37	0.24
9.40	0.25
9.42	0.24
9.45	0.23
9.47	0.23
9.49	0.26
9.52	0.23
9.54	0.23
9.57	0.25
9.59	0.21
9.62	0.21
9.64	0.23
9.67	0.21
9.69	0.21
9.71	0.21
9.74	0.22
9.76	0.21
9.79	0.21
9.81	0.24
9.84	0.21
9.86	0.21
9.89	0.23
9.91	0.20
9.93	0.20
9.96	0.21
9.98	0.21
10.01	0.20
10.03	0.20
10.06	0.23
10.08	0.21
10.10	0.21
10.13	0.23
10.15	0.21
10.18	0.21
10.20	0.22
10.23	0.22
10.25	0.22
10.28	0.22
10.30	0.23
10.32	0.21
10.35	0.21
10.37	0.24
10.40	0.22
10.42	0.22
10.45	0.24
10.47	0.21
10.50	0.21
10.52	0.22
10.54	0.22
10.57	0.21
10.59	0.21
10.62	0.23
10.64	0.21
10.67	0.21
10.69	0.24
10.72	0.21
10.74	0.21
10.76	0.23
10.79	0.21
10.81	0.21
10.84	0.21
10.86	0.22
10.89	0.21
10.91	0.21
10.94	0.23
10.96	0.21
10.98	0.21
11.01	0.23
11.03	0.21
11.06	0.21
11.08	0.22
11.11	0.22
11.13	0.21
11.15	0.21
11.18	0.23
11.20	0.22
11.23	0.22
11.25	0.24
11.28	0.21
11.30	0.21
11.33	0.23
11.35	0.20
11.37	0.20
11.40	0.21
11.42	0.21
11.45	0.20
11.47	0.20
11.50	0.23
11.52	0.21
11.55	0.21
11.57	0.22
11.59	0.20
11.62	0.20
11.64	0.21
11.67	0.20
11.69	0.20
11.72	0.20
11.74	0.22
11.77	0.20
11.79	0.20
11.81	0.23
11.84	0.20
11.86	0.20
11.89	0.21
11.91	0.20
11.94	0.20
11.96	0.21
11.99	0.21
12.01	0.20
12.03	0.20
12.06	0.22
12.08	0.20
12.11	0.20
12.13	0.22
12.16	0.20
12.18	0.20
12.21	0.21
12.23	0.20
12.25	0.20
12.28	0.20
12.30	0.22
12.33	0.20
12.35	0.20
12.38	0.23
12.40	0.20
12.42	0.20
12.45	0.21
12.47	0.20
12.50	0.20
12.52	0.21
12.55	0.21
12.57	0.20
12.60	0.20
12.62	0.22
12.64	0.20
12.67	0.20
12.69	0.23
12.72	0.21
12.74	0.21
12.77	0.22
12.79	0.21
12.82	0.21
12.84	0.21
12.86	0.22
12.89	0.21
12.91	0.21
12.94	0.24
12.96	0.21
12.99	0.21
13.01	0.23
13.04	0.22
13.06	0.22
13.08	0.23
13.11	0.22
13.13	0.21
13.16	0.21
13.18	0.22
13.21	0.20
13.23	0.20
13.26	0.23
13.28	0.20
13.30	0.20
13.33	0.22
13.35	0.21
13.38	0.21
13.40	0.21
13.43	0.22
13.45	0.21
13.47	0.21
13.50	0.24
13.52	0.21
13.55	0.21
13.57	0.23
13.60	0.22
13.62	0.22
13.65	0.22
13.67	0.22
13.69	0.21
13.72	0.21
13.74	0.23
13.77	0.23
13.79	0.23
13.82	0.26
13.84	0.23
13.87	0.23
13.89	0.25
13.91	0.24
13.94	0.24
13.96	0.24
13.99	0.25
14.01	0.23
14.04	0.23
14.06	0.26
14.09	0.23
14.11	0.23
14.13	0.26
14.16	0.24
14.18	0.24
14.21	0.25
14.23	0.25
14.26	0.24
14.28	0.24
14.31	0.26
14.33	0.24
14.35	0.24
14.38	0.26
14.40	0.23
14.43	0.23
14.45	0.25
14.48	0.24
14.50	0.24
14.52	0.25
14.55	0.25
14.57	0.23
14.60	0.23
14.62	0.26
14.65	0.24
14.67	0.23
14.70	0.26
14.72	0.23
14.74	0.23
14.77	0.25
14.79	0.24
14.82	0.23
14.84	0.23
14.87	0.25
14.89	0.23
14.92	0.23
14.94	0.25
14.96	0.23
14.99	0.23
15.01	0.25
15.04	0.24
15.06	0.24
15.09	0.25
15.11	0.25
15.14	0.24
15.16	0.24
15.18	0.26
15.21	0.24
15.23	0.24
15.26	0.26
15.28	0.24
15.31	0.24
15.33	0.25
15.36	0.25
15.38	0.25
15.40	0.25
15.43	0.26
15.45	0.24
15.48	0.24
15.50	0.28
15.53	0.25
15.55	0.25
15.57	0.28
15.60	0.26
15.62	0.26
15.65	0.27
15.67	0.27
15.70	0.26
15.72	0.26
15.75	0.28
15.77	0.26
15.79	0.26
15.82	0.28
15.84	0.25
15.87	0.25
15.89	0.26
15.92	0.26
15.94	0.26
15.97	0.26
15.99	0.27
16.01	0.25
16.04	0.25
16.06	0.28
16.09	0.25
16.11	0.25
16.14	0.27
16.16	0.25
16.19	0.25
16.21	0.26
16.23	0.26
16.26	0.24
16.28	0.24
16.31	0.26
16.33	0.24
16.36	0.24
16.38	0.26
16.41	0.23
16.43	0.23
16.45	0.24
16.48	0.23
16.50	0.23
16.53	0.23
16.55	0.24
16.58	0.22
16.60	0.22
16.63	0.25
16.65	0.22
16.67	0.22
16.70	0.24
16.72	0.22
16.75	0.22
16.77	0.23
16.80	0.23
16.82	0.22
16.84	0.22
16.87	0.24
16.89	0.22
16.92	0.22
16.94	0.24
16.97	0.21
16.99	0.21
17.02	0.23
17.04	0.22
17.06	0.22
17.09	0.22
17.11	0.23
17.14	0.21
17.16	0.21
17.19	0.23
17.21	0.20
17.24	0.20
17.26	0.22
17.28	0.20
17.31	0.20
17.33	0.21
17.36	0.21
17.38	0.20
17.41	0.20
17.43	0.21
17.46	0.20
17.48	0.20
17.50	0.22
17.53	0.19
17.55	0.19
17.58	0.21
17.60	0.20
17.63	0.20
17.65	0.20
17.68	0.21
17.70	0.20
17.72	0.20
17.75	0.23
17.77	0.20
17.80	0.20
17.82	0.22
17.85	0.21
17.87	0.21
17.89	0.21
17.92	0.22
17.94	0.21
17.97	0.21
17.99	0.22
18.02	0.21
18.04	0.21
18.07	0.23
18.09	0.21
18.11	0.21
18.14	0.22
18.16	0.20
18.19	0.20
18.21	0.20
18.24	0.20
18.26	0.19
18.29	0.19
18.31	0.22
18.33	0.19
18.36	0.19
18.38	0.22
18.41	0.19
18.43	0.19
18.46	0.20
18.48	0.19
18.51	0.19
18.53	0.19
18.55	0.20
18.58	0.19
18.60	0.19
18.63	0.20
18.65	0.18
18.68	0.18
18.70	0.20
18.73	0.18
18.75	0.18
18.77	0.18
18.80	0.18
18.82	0.18
18.85	0.18
18.87	0.19
18.90	0.17
18.92	0.17
18.94	0.20
18.97	0.17
18.99	0.17
19.02	0.18
19.04	0.17
19.07	0.17
19.09	0.17
19.12	0.19
19.14	0.17
19.16	0.17
19.19	0.20
19.21	0.17
19.24	0.17
19.26	0.19
19.29	0.17
19.31	0.17
19.34	0.18
19.36	0.18
19.38	0.17
19.41	0.17
19.43	0.19
19.46	0.17
19.48	0.17
19.51	0.19
19.53	0.18
19.56	0.18
19.58	0.18
19.60	0.17
19.63	0.17
19.65	0.17
19.68	0.19
19.70	0.17
19.73	0.17
19.75	0.19
19.78	0.17
19.80	0.17
19.82	0.19
19.85	0.17
19.87	0.17
19.90	0.17
19.92	0.18
19.95	0.17
19.97	0.17
19.99	0.19
20.02	0.18
20.04	0.18
20.07	0.19
20.09	0.18
20.12	0.18
20.14	0.18
20.17	0.18
20.19	0.18
20.21	0.18
20.24	0.19
20.26	0.18
20.29	0.18
20.31	0.21
20.34	0.18
20.36	0.18
20.39	0.19
20.41	0.18
20.43	0.18
20.46	0.19
20.48	0.18
20.51	0.18
20.53	0.18
20.56	0.19
20.58	0.18
20.61	0.18
20.63	0.19
20.65	0.17
20.68	0.17
20.70	0.18
20.73	0.17
20.75	0.17
20.78	0.17
20.80	0.18
20.83	0.16
20.85	0.16
20.87	0.18
20.90	0.16
20.92	0.17
20.95	0.18
20.97	0.16
21.00	0.16
21.02	0.16
21.05	0.17
21.07	0.16
21.09	0.16
21.12	0.17
21.14	0.16
21.17	0.16
21.19	0.18
21.22	0.16
21.24	0.16
21.26	0.17
21.29	0.16
21.31	0.15
21.34	0.15
21.36	0.17
21.39	0.16
21.41	0.16
21.44	0.18
21.46	0.16
21.48	0.16
21.51	0.17
21.53	0.15
21.56	0.15
21.58	0.16
21.61	0.16
21.63	0.15
21.66	0.15
21.68	0.17
21.70	0.15
21.73	0.15
21.75	0.17
21.78	0.15
21.80	0.15
21.83	0.16
21.85	0.16
21.88	0.16
21.90	0.16
21.92	0.17
21.95	0.16
21.97	0.16
22.00	0.19
22.02	0.17
22.05	0.17
22.07	0.19
22.10	0.17
22.12	0.17
22.14	0.18
22.17	0.20
22.19	0.19
22.22	0.19
22.24	0.21
22.27	0.20
22.29	0.20
22.31	0.21
22.34	0.19
22.36	0.20
22.39	0.21
22.41	0.21
22.44	0.21
22.46	0.22
22.49	0.23
22.51	0.22
22.53	0.22
22.56	0.26
22.58	0.24
22.61	0.24
22.63	0.26
22.66	0.25
22.68	0.25
22.71	0.26
22.73	0.26
22.75	0.25
22.78	0.25
22.80	0.28
22.83	0.26
22.85	0.26
22.88	0.29
22.90	0.26
22.93	0.26
22.95	0.29
22.97	0.29
23.00	0.29
23.02	0.31
23.05	0.31
23.07	0.30
23.10	0.30
23.12	0.34
23.15	0.31
23.17	0.31
23.19	0.34
23.22	0.32
23.24	0.32
23.27	0.34
23.29	0.35
23.32	0.34
23.34	0.36
23.36	0.38
23.39	0.36
23.41	0.36
23.44	0.40
23.46	0.37
23.49	0.37
23.51	0.41
23.54	0.41
23.56	0.41
23.58	0.43
23.61	0.44
23.63	0.42
23.66	0.43
23.68	0.46
23.71	0.44
23.73	0.44
23.76	0.48
23.78	0.46
23.80	0.46
23.83	0.49
23.85	0.50
23.88	0.48
23.90	0.51
23.93	0.53
23.95	0.50
23.98	0.51
24.00	0.54
24.02	0.52
24.05	0.52
24.07	0.57
24.10	0.57
24.12	0.56
24.15	0.60
24.17	0.61
24.20	0.59
24.22	0.61
24.24	0.64
24.27	0.62
24.29	0.64
24.32	0.69
24.34	0.67
24.37	0.67
24.39	0.72
24.42	0.73
24.44	0.71
24.46	0.74
24.49	0.77
24.51	0.74
24.54	0.77
24.56	0.80
24.59	0.78
24.61	0.80
24.63	0.85
24.66	0.85
24.68	0.84
24.71	0.89
24.73	0.90
24.76	0.88
24.78	0.91
24.81	0.94
24.83	0.93
24.85	0.94
24.88	0.99
24.90	0.97
24.93	0.97
24.95	1.02
24.98	1.02
25.00	1.01
25.03	1.05
25.05	1.08
25.07	1.06
25.10	1.09
25.12	1.14
25.15	1.12
25.17	1.13
25.20	1.17
25.22	1.18
25.25	1.18
25.27	1.23
25.29	1.24
25.32	1.24
25.34	1.28
25.37	1.31
25.39	1.30
25.42	1.33
25.44	1.39
25.47	1.38
25.49	1.39
25.51	1.45
25.54	1.45
25.56	1.43
25.59	1.48
25.61	1.51
25.64	1.49
25.66	1.53
25.68	1.58
25.71	1.56
25.73	1.58
25.76	1.64
25.78	1.64
25.81	1.64
25.83	1.69
25.86	1.72
25.88	1.70
25.90	1.75
25.93	1.78
25.95	1.77
25.98	1.79
26.00	1.83
26.03	1.83
26.05	1.83
26.08	1.89
26.10	1.88
26.12	1.87
26.15	1.92
26.17	1.94
26.20	1.94
26.22	1.99
26.25	2.02
26.27	2.00
26.30	2.02
26.32	2.07
26.34	2.06
26.37	2.06
26.39	2.10
26.42	2.11
26.44	2.09
26.47	2.14
26.49	2.17
26.52	2.15
26.54	2.17
26.56	2.22
26.59	2.21
26.61	2.22
26.64	2.28
26.66	2.29
26.69	2.29
26.71	2.34
26.73	2.38
26.76	2.37
26.78	2.41
26.81	2.43
26.83	2.42
26.86	2.47
26.88	2.50
26.91	2.48
26.93	2.53
26.95	2.59
26.98	2.56
27.00	2.58
27.03	2.65
27.05	2.65
27.08	2.64
27.10	2.71
27.13	2.73
27.15	2.70
27.17	2.75
27.20	2.79
27.22	2.75
27.25	2.78
27.27	2.83
27.30	2.80
27.32	2.78
27.35	2.84
27.37	2.82
27.39	2.77
27.42	2.81
27.44	2.83
27.47	2.79
27.49	2.82
27.52	2.80
27.54	2.77
27.57	2.79
27.59	2.79
27.61	2.76
27.64	2.77
27.66	2.79
27.69	2.75
27.71	2.74
27.74	2.78
27.76	2.75
27.78	2.73
27.81	2.77
27.83	2.77
27.86	2.74
27.88	2.77
27.91	2.80
27.93	2.77
27.96	2.77
27.98	2.80
28.00	2.77
28.03	2.76
28.05	2.80
28.08	2.79
28.10	2.77
28.13	2.80
28.15	2.81
28.18	2.78
28.20	2.80
28.22	2.84
28.25	2.84
28.27	2.84
28.30	2.89
28.32	2.90
28.35	2.89
28.37	2.95
28.40	2.96
28.42	2.96
28.44	2.99
28.47	3.02
28.49	3.01
28.52	3.03
28.54	3.08
28.57	3.06
28.59	3.07
28.62	3.12
28.64	3.14
28.66	3.14
28.69	3.19
28.71	3.22
28.74	3.20
28.76	3.24
28.79	3.28
28.81	3.27
28.84	3.30
28.86	3.36
28.88	3.35
28.91	3.34
28.93	3.38
28.96	3.39
28.98	3.37
29.01	3.41
29.03	3.43
29.05	3.41
29.08	3.41
29.10	3.45
29.13	3.42
29.15	3.42
29.18	3.46
29.20	3.45
29.23	3.43
29.25	3.46
29.27	3.47
29.30	3.44
29.32	3.47
29.35	3.50
29.37	3.47
29.40	3.48
29.42	3.50
29.45	3.49
29.47	3.48
29.49	3.52
29.52	3.51
29.54	3.49
29.57	3.52
29.59	3.53
29.62	3.51
29.64	3.51
29.67	3.55
29.69	3.52
29.71	3.52
29.74	3.55
29.76	3.55
29.79	3.52
29.81	3.55
29.84	3.56
29.86	3.54
29.89	3.56
29.91	3.59
29.93	3.56
29.96	3.57
29.98	3.60
30.01	3.59
30.03	3.57
30.06	3.61
30.08	3.62
30.10	3.59
30.13	3.62
30.15	3.63
30.18	3.61
30.20	3.62
30.23	3.64
30.25	3.62
30.28	3.61
30.30	3.65
30.32	3.64
30.35	3.63
30.37	3.66
30.40	3.66
30.42	3.64
30.45	3.66
30.47	3.68
30.50	3.65
30.52	3.64
30.54	3.67
30.57	3.66
30.59	3.65
30.62	3.68
30.64	3.68
30.67	3.64
30.69	3.67
30.72	3.68
30.74	3.65
30.76	3.66
30.79	3.69
30.81	3.67
30.84	3.66
30.86	3.69
30.89	3.69
30.91	3.66
30.94	3.69
30.96	3.70
30.98	3.68
31.01	3.69
31.03	3.72
31.06	3.69
31.08	3.70
31.11	3.73
31.13	3.72
31.15	3.72
31.18	3.75
31.20	3.75
31.23	3.71
31.25	3.74
31.28	3.75
31.30	3.72
31.33	3.74
31.35	3.77
31.37	3.75
31.40	3.74
31.42	3.78
31.45	3.76
31.47	3.74
31.50	3.78
31.52	3.78
31.55	3.76
31.57	3.77
31.59	3.80
31.62	3.76
31.64	3.76
31.67	3.79
31.69	3.76
31.72	3.74
31.74	3.76
31.77	3.75
31.79	3.70
31.81	3.71
31.84	3.70
31.86	3.65
31.89	3.64
31.91	3.65
31.94	3.61
31.96	3.58
31.99	3.61
32.01	3.58
32.03	3.55
32.06	3.56
32.08	3.53
32.11	3.49
32.13	3.49
32.16	3.49
32.18	3.45
32.20	3.43
32.23	3.45
32.25	3.41
32.28	3.38
32.30	3.40
32.33	3.38
32.35	3.33
32.38	3.34
32.40	3.34
32.42	3.29
32.45	3.30
32.47	3.31
32.50	3.28
32.52	3.27
32.55	3.29
32.57	3.28
32.60	3.25
32.62	3.28
32.64	3.27
32.67	3.25
32.69	3.27
32.72	3.29
32.74	3.26
32.77	3.25
32.79	3.28
32.82	3.24
32.84	3.22
32.86	3.24
32.89	3.23
32.91	3.19
32.94	3.21
32.96	3.21
32.99	3.16
33.01	3.17
33.04	3.19
33.06	3.15
33.08	3.14
33.11	3.17
33.13	3.16
33.16	3.12
33.18	3.15
33.21	3.14
33.23	3.09
33.26	3.09
33.28	3.09
33.30	3.04
33.33	3.02
33.35	3.03
33.38	2.99
33.40	2.97
33.43	2.98
33.45	2.94
33.47	2.90
33.50	2.90
33.52	2.89
33.55	2.83
33.57	2.83
33.60	2.84
33.62	2.78
33.65	2.77
33.67	2.77
33.69	2.73
33.72	2.70
33.74	2.71
33.77	2.68
33.79	2.63
33.82	2.63
33.84	2.63
33.87	2.57
33.89	2.56
33.91	2.58
33.94	2.53
33.96	2.50
33.99	2.51
34.01	2.47
34.04	2.43
34.06	2.43
34.09	2.42
34.11	2.37
34.13	2.37
34.16	2.37
34.18	2.32
34.21	2.31
34.23	2.34
34.26	2.31
34.28	2.28
34.31	2.30
34.33	2.29
34.35	2.25
34.38	2.26
34.40	2.25
34.43	2.21
34.45	2.20
34.48	2.22
34.50	2.18
34.52	2.16
34.55	2.18
34.57	2.15
34.60	2.10
34.62	2.11
34.65	2.11
34.67	2.06
34.70	2.06
34.72	2.06
34.74	2.01
34.77	1.99
34.79	2.00
34.82	1.97
34.84	1.94
34.87	1.94
34.89	1.91
34.92	1.85
34.94	1.85
34.96	1.84
34.99	1.79
35.01	1.77
35.04	1.78
35.06	1.73
35.09	1.69
35.11	1.70
35.14	1.66
35.16	1.61
35.18	1.61
35.21	1.59
35.23	1.54
35.26	1.52
35.28	1.52
35.31	1.47
35.33	1.44
35.36	1.45
35.38	1.41
35.40	1.38
35.43	1.39
35.45	1.38
35.48	1.33
35.50	1.34
35.53	1.34
35.55	1.29
35.57	1.29
35.60	1.30
35.62	1.26
35.65	1.23
35.67	1.25
35.70	1.22
35.72	1.18
35.75	1.19
35.77	1.18
35.79	1.14
35.82	1.14
35.84	1.15
35.87	1.10
35.89	1.08
35.92	1.13
35.94	1.09
35.97	1.06
35.99	1.07
36.01	1.06
36.04	1.01
36.06	1.03
36.09	1.02
36.11	0.97
36.14	0.97
36.16	0.99
36.19	0.95
36.21	0.92
36.23	0.94
36.26	0.91
36.28	0.87
36.31	0.88
36.33	0.87
36.36	0.83
36.38	0.84
36.41	0.85
36.43	0.80
36.45	0.79
36.48	0.81
36.50	0.77
36.53	0.75
36.55	0.77
36.58	0.75
36.60	0.71
36.62	0.73
36.65	0.74
36.67	0.69
36.70	0.69
36.72	0.71
36.75	0.68
36.77	0.66
36.80	0.69
36.82	0.66
36.84	0.63
36.87	0.66
36.89	0.65
36.92	0.61
36.94	0.61
36.97	0.62
36.99	0.58
37.02	0.57
37.04	0.59
37.06	0.56
37.09	0.55
37.11	0.57
37.14	0.56
37.16	0.53
37.19	0.54
37.21	0.55
37.24	0.51
37.26	0.51
37.28	0.52
37.31	0.48
37.33	0.48
37.36	0.50
37.38	0.48
37.41	0.46
37.43	0.48
37.46	0.47
37.48	0.44
37.50	0.44
37.53	0.45
37.55	0.42
37.58	0.42
37.60	0.44
37.63	0.42
37.65	0.41
37.68	0.43
37.70	0.42
37.72	0.40
37.75	0.40
37.77	0.41
37.80	0.38
37.82	0.38
37.85	0.40
37.87	0.36
37.89	0.36
37.92	0.39
37.94	0.37
37.97	0.36
37.99	0.37
38.02	0.37
38.04	0.34
38.07	0.34
38.09	0.35
38.11	0.32
38.14	0.32
38.16	0.34
38.19	0.31
38.21	0.31
38.24	0.33
38.26	0.32
38.29	0.30
38.31	0.30
38.33	0.32
38.36	0.29
38.38	0.29
38.41	0.32
38.43	0.29
38.46	0.29
38.48	0.31
38.51	0.30
38.53	0.30
38.55	0.32
38.58	0.33
38.60	0.32
38.63	0.32
38.65	0.33
38.68	0.31
38.70	0.31
38.73	0.34
38.75	0.32
38.77	0.32
38.80	0.36
38.82	0.36
38.85	0.35
38.87	0.36
38.90	0.39
38.92	0.37
38.94	0.37
38.97	0.41
38.99	0.38
39.02	0.38
39.04	0.42
39.07	0.42
39.09	0.41
39.12	0.44
39.14	0.46
39.16	0.44
39.19	0.46
39.21	0.49
39.24	0.47
39.26	0.48
39.29	0.54
39.31	0.54
39.34	0.54
39.36	0.59
39.38	0.60
39.41	0.59
39.43	0.63
39.46	0.65
39.48	0.63
39.51	0.65
39.53	0.70
39.56	0.68
39.58	0.70
39.60	0.75
39.63	0.75
39.65	0.75
39.68	0.80
39.70	0.82
39.73	0.81
39.75	0.84
39.78	0.88
39.80	0.86
39.82	0.89
39.85	0.94
39.87	0.93
39.90	0.93
39.92	0.98
39.95	0.99
39.97	0.97
39.99	1.02
40.02	1.04
40.04	1.03
40.07	1.05
40.09	1.09
40.12	1.07
40.14	1.09
40.17	1.14
40.19	1.14
40.21	1.13
40.24	1.18
40.26	1.20
40.29	1.18
40.31	1.22
40.34	1.26
40.36	1.24
40.39	1.25
40.41	1.30
40.43	1.29
40.46	1.29
40.48	1.34
40.51	1.34
40.53	1.33
40.56	1.38
40.58	1.40
40.61	1.38
40.63	1.40
40.65	1.44
40.68	1.42
40.70	1.43
40.73	1.48
40.75	1.48
40.78	1.48
40.80	1.53
40.83	1.55
40.85	1.54
40.87	1.59
40.90	1.62
40.92	1.60
40.95	1.62
40.97	1.66
41.00	1.65
41.02	1.65
41.05	1.71
41.07	1.71
41.09	1.70
41.12	1.75
41.14	1.77
41.17	1.76
41.19	1.79
41.22	1.83
41.24	1.82
41.26	1.84
41.29	1.89
41.31	1.89
41.34	1.89
41.36	1.94
41.39	1.96
41.41	1.94
41.44	1.99
41.46	2.02
41.48	1.99
41.51	2.01
41.53	2.06
41.56	2.05
41.58	2.05
41.61	2.10
41.63	2.12
41.66	2.11
41.68	2.16
41.70	2.18
41.73	2.17
41.75	2.20
41.78	2.24
41.80	2.23
41.83	2.24
41.85	2.29
41.88	2.28
41.90	2.27
41.92	2.32
41.95	2.33
41.97	2.33
42.00	2.37
42.02	2.40
42.05	2.38
42.07	2.40
42.10	2.44
42.12	2.42
42.14	2.43
42.17	2.48
42.19	2.49
42.22	2.48
42.24	2.53
42.27	2.55
42.29	2.53
42.31	2.57
42.34	2.60
42.36	2.58
42.39	2.59
42.41	2.63
42.44	2.61
42.46	2.61
42.49	2.66
42.51	2.68
42.53	2.66
42.56	2.70
42.58	2.73
42.61	2.71
42.63	2.73
42.66	2.78
42.68	2.76
42.71	2.77
42.73	2.81
42.75	2.81
42.78	2.80
42.80	2.85
42.83	2.86
42.85	2.84
42.88	2.87
42.90	2.90
42.93	2.89
42.95	2.91
42.97	2.96
43.00	2.96
43.02	2.96
43.05	3.01
43.07	3.01
43.10	3.00
43.12	3.04
43.15	3.06
43.17	3.04
43.19	3.06
43.22	3.10
43.24	3.08
43.27	3.09
43.29	3.14
43.32	3.13
43.34	3.12
43.36	3.17
43.39	3.18
43.41	3.17
43.44	3.21
43.46	3.24
43.49	3.22
43.51	3.24
43.54	3.27
43.56	3.26
43.58	3.26
43.61	3.30
43.63	3.29
43.66	3.27
43.68	3.31
43.71	3.33
43.73	3.31
43.76	3.33
43.78	3.37
43.80	3.35
43.83	3.35
43.85	3.39
43.88	3.39
43.90	3.38
43.93	3.43
43.95	3.46
43.98	3.44
44.00	3.47
44.02	3.50
44.05	3.48
44.07	3.50
44.10	3.54
44.12	3.52
44.15	3.51
44.17	3.56
44.20	3.57
44.22	3.54
44.24	3.58
44.27	3.64
44.29	3.68
44.32	3.76
44.34	3.85
44.37	3.88
44.39	3.95
44.41	4.06
44.44	4.12
44.46	4.17
44.49	4.28
44.51	4.36
44.54	4.39
44.56	4.47
44.59	4.55
44.61	4.59
44.63	4.66
44.66	4.76
44.68	4.81
44.71	4.87
44.73	4.97
44.76	5.03
44.78	5.08
44.81	5.18
44.83	5.27
44.85	5.31
44.88	5.40
44.90	5.51
44.93	5.50
44.95	5.52
44.98	5.57
45.00	5.57
45.03	5.58
45.05	5.62
45.07	5.63
45.10	5.62
45.12	5.66
45.15	5.69
45.17	5.68
45.20	5.69
45.22	5.74
45.25	5.73
45.27	5.73
45.29	5.77
45.32	5.77
45.34	5.76
45.37	5.80
45.39	5.82
45.42	5.80
45.44	5.83
45.47	5.87
45.49	5.85
45.51	5.85
45.54	5.91
45.56	5.89
45.59	5.89
45.61	5.93
45.64	5.94
45.66	5.92
45.68	5.94
45.71	5.97
45.73	5.96
45.76	5.96
45.78	6.00
45.81	5.99
45.83	5.98
45.86	6.03
45.88	6.04
45.90	6.03
45.93	6.07
45.95	6.09
45.98	6.07
46.00	6.10
46.03	6.13
46.05	6.11
46.08	6.12
46.10	6.17
46.12	6.16
46.15	6.15
46.17	6.20
46.20	6.21
46.22	6.19
46.25	6.23
46.27	6.25
46.30	6.23
46.32	6.26
46.34	6.30
46.37	6.29
46.39	6.29
46.42	6.33
46.44	6.34
46.47	6.31
46.49	6.35
46.52	6.37
46.54	6.35
46.56	6.37
46.59	6.41
46.61	6.39
46.64	6.39
46.66	6.44
46.69	6.43
46.71	6.43
46.73	6.47
46.76	6.48
46.78	6.46
46.81	6.49
46.83	6.52
46.86	6.49
46.88	6.51
46.91	6.54
46.93	6.52
46.95	6.53
46.98	6.57
47.00	6.56
47.03	6.55
47.05	6.59
47.08	6.61
47.10	6.59
47.13	6.63
47.15	6.67
47.17	6.65
47.20	6.65
47.22	6.70
47.25	6.68
47.27	6.67
47.30	6.72
47.32	6.72
47.35	6.71
47.37	6.74
47.39	6.77
47.42	6.74
47.44	6.76
47.47	6.80
47.49	6.77
47.52	6.77
47.54	6.81
47.57	6.82
47.59	6.80
47.61	6.84
47.64	6.86
47.66	6.84
47.69	6.86
47.71	6.90
47.74	6.87
47.76	6.88
47.78	6.92
47.81	6.90
47.83	6.90
47.86	6.94
47.88	6.94
47.91	6.92
47.93	6.96
47.96	6.98
47.98	6.96
48.00	6.97
48.03	7.01
48.05	6.99
48.08	6.99
48.10	7.03
48.13	7.04
48.15	7.02
48.18	7.07
48.20	7.08
48.22	7.05
48.25	7.09
48.27	7.11
48.30	7.09
48.32	7.10
48.35	7.14
48.37	7.12
48.40	7.11
48.42	7.15
48.44	7.16
48.47	7.14
48.49	7.17
48.52	7.19
48.54	7.15
48.57	7.16
48.59	7.21
48.62	7.18
48.64	7.18
48.66	7.22
48.69	7.21
48.71	7.19
48.74	7.22
48.76	7.23
48.79	7.21
48.81	7.23
48.84	7.26
48.86	7.23
48.88	7.23
48.91	7.27
48.93	7.25
48.96	7.24
48.98	7.27
49.01	7.26
49.03	7.23
49.05	7.26
49.08	7.27
49.10	7.24
49.13	7.24
49.15	7.27
49.18	7.23
49.20	7.24
49.23	7.27
49.25	7.25
49.27	7.23
49.30	7.25
49.32	7.25
49.35	7.21
49.37	7.23
49.40	7.24
49.42	7.21
49.45	7.19
49.47	7.21
49.49	7.17
49.52	7.15
49.54	7.17
49.57	7.15
49.59	7.11
49.62	7.13
49.64	7.12
49.67	7.08
49.69	7.07
49.71	7.10
49.74	7.05
49.76	7.03
49.79	7.06
49.81	7.02
49.84	6.99
49.86	7.00
49.89	6.99
49.91	6.95
49.93	6.95
49.96	6.95
49.98	6.90
50.01	6.89
50.03	6.90
50.06	6.86
50.08	6.83
50.10	6.85
50.13	6.83
50.15	6.78
50.18	6.79
50.20	6.78
50.23	6.73
50.25	6.73
50.28	6.74
50.30	6.69
50.32	6.67
50.35	6.68
50.37	6.64
50.40	6.60
50.42	6.62
50.45	6.59
50.47	6.55
50.50	6.55
50.52	6.55
50.54	6.49
50.57	6.47
50.59	6.48
50.62	6.44
50.64	6.40
50.67	6.41
50.69	6.39
50.72	6.32
50.74	6.33
50.76	6.32
50.79	6.27
50.81	6.26
50.84	6.26
50.86	6.21
50.89	6.18
50.91	6.19
50.94	6.14
50.96	6.10
50.98	6.11
51.01	6.09
51.03	6.03
51.06	6.02
51.08	6.02
51.11	5.96
51.13	5.93
51.15	5.93
51.18	5.88
51.20	5.85
51.23	5.86
51.25	5.82
51.28	5.77
51.30	5.77
51.33	5.76
51.35	5.70
51.37	5.69
51.40	5.70
51.42	5.64
51.45	5.61
51.47	5.62
51.50	5.57
51.52	5.53
51.55	5.54
51.57	5.51
51.59	5.45
51.62	5.45
51.64	5.44
51.67	5.38
51.69	5.36
51.72	5.38
51.74	5.33
51.77	5.29
51.79	5.29
51.81	5.26
51.84	5.20
51.86	5.21
51.89	5.19
51.91	5.13
51.94	5.12
51.96	5.11
51.99	5.06
52.01	5.02
52.03	5.04
52.06	4.99
52.08	4.94
52.11	4.95
52.13	4.93
52.16	4.87
52.18	4.86
52.20	4.85
52.23	4.79
52.25	4.77
52.28	4.78
52.30	4.73
52.33	4.69
52.35	4.70
52.38	4.66
52.40	4.60
52.42	4.61
52.45	4.60
52.47	4.54
52.50	4.53
52.52	4.53
52.55	4.48
52.57	4.44
52.60	4.45
52.62	4.41
52.64	4.38
52.67	4.39
52.69	4.36
52.72	4.30
52.74	4.30
52.77	4.29
52.79	4.24
52.82	4.22
52.84	4.23
52.86	4.18
52.89	4.14
52.91	4.14
52.94	4.11
52.96	4.07
52.99	4.07
53.01	4.06
53.04	4.00
53.06	3.99
53.08	3.98
53.11	3.92
53.13	3.90
53.16	3.91
53.18	3.86
53.21	3.82
53.23	3.83
53.26	3.80
53.28	3.74
53.30	3.73
53.33	3.72
53.35	3.67
53.38	3.64
53.40	3.66
53.43	3.60
53.45	3.57
53.47	3.58
53.50	3.55
53.52	3.50
53.55	3.50
53.57	3.49
53.60	3.44
53.62	3.43
53.65	3.44
53.67	3.38
53.69	3.36
53.72	3.36
53.74	3.33
53.77	3.28
53.79	3.29
53.82	3.26
53.84	3.21
53.87	3.21
53.89	3.20
53.91	3.13
53.94	3.17
53.96	3.15
53.99	3.07
54.01	3.08
54.04	3.09
54.06	3.01
54.09	3.00
54.11	3.03
54.13	2.98
54.16	2.93
54.18	2.96
54.21	2.92
54.23	2.86
54.26	2.87
54.28	2.87
54.31	2.78
54.33	2.78
54.35	2.80
54.38	2.74
54.40	2.71
54.43	2.75
54.45	2.70
54.48	2.64
54.50	2.67
54.52	2.66
54.55	2.59
54.57	2.62
54.60	2.58
54.62	2.53
54.65	2.55
54.67	2.53
54.70	2.49
54.72	2.49
54.74	2.50
54.77	2.44
54.79	2.42
54.82	2.43
54.84	2.41
54.87	2.37
54.89	2.39
54.92	2.38
54.94	2.33
54.96	2.35
54.99	2.34
55.01	2.30
55.04	2.31
55.06	2.33
55.09	2.30
55.11	2.28
55.14	2.31
55.16	2.29
55.18	2.26
55.21	2.29
55.23	2.29
55.26	2.26
55.28	2.28
55.31	2.31
55.33	2.27
55.36	2.27
55.38	2.31
55.40	2.29
55.43	2.28
55.45	2.32
55.48	2.33
55.50	2.30
55.53	2.34
55.55	2.36
55.57	2.34
55.60	2.36
55.62	2.40
55.65	2.39
55.67	2.39
55.70	2.43
55.72	2.42
55.75	2.41
55.77	2.46
55.79	2.48
55.82	2.46
55.84	2.48
55.87	2.52
55.89	2.49
55.92	2.51
55.94	2.56
55.97	2.54
55.99	2.54
56.01	2.58
56.04	2.59
56.06	2.58
56.09	2.62
56.11	2.64
56.14	2.62
56.16	2.65
56.19	2.69
56.21	2.67
56.23	2.67
56.26	2.71
56.28	2.71
56.31	2.70
56.33	2.74
56.36	2.75
56.38	2.74
56.41	2.76
56.43	2.79
56.45	2.77
56.48	2.78
56.50	2.83
56.53	2.81
56.55	2.81
56.58	2.85
56.60	2.86
56.62	2.84
56.65	2.88
56.67	2.91
56.70	2.88
56.72	2.90
56.75	2.93
56.77	2.92
56.80	2.92
56.82	2.97
56.84	2.97
56.87	2.95
56.89	3.00
56.92	3.02
56.94	2.99
56.97	3.03
56.99	3.06
57.02	3.05
57.04	3.07
57.06	3.12
57.09	3.11
57.11	3.12
57.14	3.16
57.16	3.18
57.19	3.18
57.21	3.22
57.24	3.26
57.26	3.24
57.28	3.27
57.31	3.32
57.33	3.31
57.36	3.33
57.38	3.39
57.41	3.40
57.43	3.40
57.46	3.46
57.48	3.49
57.50	3.49
57.53	3.54
57.55	3.58
57.58	3.57
57.60	3.61
57.63	3.67
57.65	3.66
57.68	3.68
57.70	3.74
57.72	3.75
57.75	3.75
57.77	3.81
57.80	3.85
57.82	3.84
57.85	3.88
57.87	3.93
57.89	3.93
57.92	3.95
57.94	4.01
57.97	4.02
57.99	4.03
58.02	4.09
58.04	4.12
58.07	4.11
58.09	4.16
58.11	4.20
58.14	4.19
58.16	4.22
58.19	4.28
58.21	4.28
58.24	4.30
58.26	4.36
58.29	4.38
58.31	4.38
58.33	4.44
58.36	4.47
58.38	4.46
58.41	4.51
58.43	4.56
58.46	4.56
58.48	4.58
58.51	4.64
58.53	4.65
58.55	4.65
58.58	4.72
58.60	4.74
58.63	4.74
58.65	4.79
58.68	4.83
58.70	4.83
58.73	4.86
58.75	4.92
58.77	4.92
58.80	4.94
58.82	5.02
58.85	5.03
58.87	5.02
58.90	5.08
58.92	5.12
58.94	5.12
58.97	5.17
58.99	5.22
59.02	5.21
59.04	5.24
59.07	5.30
59.09	5.32
59.12	5.33
59.14	5.39
59.16	5.42
59.19	5.42
59.21	5.48
59.24	5.53
59.26	5.52
59.29	5.56
59.31	5.63
59.34	5.63
59.36	5.65
59.38	5.72
59.41	5.74
59.43	5.74
59.46	5.80
59.48	5.83
59.51	5.83
59.53	5.89
59.56	5.94
59.58	5.94
59.60	5.96
59.63	6.03
59.65	6.06
59.68	6.07
59.70	6.14
59.73	6.18
59.75	6.18
59.78	6.24
59.80	6.28
59.82	6.28
59.85	6.32
59.87	6.39
59.90	6.39
59.92	6.42
59.95	6.48
59.97	6.49
59.99	6.51
60.02	6.58
60.04	6.62
60.07	6.62
60.09	6.67
60.12	6.73
60.14	6.73
60.17	6.76
60.19	6.83
60.21	6.85
60.24	6.87
60.26	6.93
60.29	6.96
60.31	6.96
60.34	7.02
60.36	7.06
60.39	7.06
60.41	7.10
60.43	7.16
60.46	7.17
60.48	7.19
60.51	7.26
60.53	7.27
60.56	7.28
60.58	7.35
60.61	7.38
60.63	7.39
60.65	7.43
60.68	7.48
60.70	7.48
60.73	7.51
60.75	7.59
60.78	7.59
60.80	7.61
60.83	7.68
60.85	7.71
60.87	7.71
60.90	7.77
60.92	7.82
60.95	7.82
60.97	7.86
61.00	7.92
61.02	7.93
61.05	7.95
61.07	8.02
61.09	8.04
61.12	8.05
61.14	8.12
61.17	8.16
61.19	8.16
61.22	8.21
61.24	8.26
61.26	8.26
61.29	8.29
61.31	8.36
61.34	8.37
61.36	8.39
61.39	8.45
61.41	8.48
61.44	8.48
61.46	8.54
61.48	8.58
61.51	8.58
61.53	8.62
61.56	8.68
61.58	8.68
61.61	8.71
61.63	8.77
61.66	8.79
61.68	8.81
61.70	8.87
61.73	8.91
61.75	8.91
61.78	8.95
61.80	9.00
61.83	9.00
61.85	9.04
61.88	9.11
61.90	9.12
61.92	9.14
61.95	9.20
61.97	9.23
62.00	9.24
62.02	9.29
62.05	9.34
62.07	9.33
62.10	9.38
62.12	9.44
62.14	9.45
62.17	9.48
62.19	9.55
62.22	9.56
62.24	9.57
62.27	9.64
62.29	9.68
62.31	9.67
62.34	9.73
62.36	9.78
62.39	9.78
62.41	9.81
62.44	9.88
62.46	9.89
62.49	9.91
62.51	9.97
62.53	9.99
62.56	10.00
62.58	10.05
62.61	10.10
62.63	10.10
62.66	10.15
62.68	10.21
62.71	10.21
62.73	10.23
62.75	10.29
62.78	10.31
62.80	10.32
62.83	10.38
62.85	10.41
62.88	10.41
62.90	10.47
62.93	10.51
62.95	10.51
62.97	10.55
63.00	10.61
63.02	10.62
63.05	10.63
63.07	10.71
63.10	10.73
63.12	10.73
63.15	10.79
63.17	10.83
63.19	10.83
63.22	10.87
63.24	10.93
63.27	10.93
63.29	10.96
63.32	11.03
63.34	11.05
63.36	11.06
63.39	11.12
63.41	11.16
63.44	11.15
63.46	11.21
63.49	11.26
63.51	11.26
63.54	11.29
63.56	11.36
63.58	11.37
63.61	11.39
63.63	11.46
63.66	11.47
63.68	11.48
63.71	11.54
63.73	11.57
63.76	11.57
63.78	11.62
63.80	11.67
63.83	11.67
63.85	11.70
63.88	11.75
63.90	11.77
63.93	11.78
63.95	11.84
63.98	11.87
64.00	11.86
64.02	11.92
64.05	11.96
64.07	11.95
64.10	11.99
64.12	12.06
64.15	12.06
64.17	12.08
64.20	12.14
64.22	12.15
64.24	12.16
64.27	12.22
64.29	12.26
64.32	12.26
64.34	12.29
64.37	12.35
64.39	12.35
64.41	12.38
64.44	12.44
64.46	12.44
64.49	12.47
64.51	12.52
64.54	12.56
64.56	12.56
64.59	12.61
64.61	12.65
64.63	12.65
64.66	12.68
64.68	12.74
64.71	12.75
64.73	12.77
64.76	12.83
64.78	12.84
64.81	12.85
64.83	12.91
64.85	12.94
64.88	12.95
64.90	12.99
64.93	13.04
64.95	13.03
64.98	13.06
65.00	13.13
65.03	13.13
65.05	13.14
65.07	13.20
65.10	13.23
65.12	13.23
65.15	13.28
65.17	13.32
65.20	13.32
65.22	13.35
65.25	13.41
65.27	13.41
65.29	13.42
65.32	13.49
65.34	13.50
65.37	13.50
65.39	13.56
65.42	13.59
65.44	13.59
65.47	13.62
65.49	13.66
65.51	13.66
65.54	13.67
65.56	13.73
65.59	13.73
65.61	13.74
65.64	13.79
65.66	13.80
65.68	13.79
65.71	13.84
65.73	13.87
65.76	13.85
65.78	13.87
65.81	13.92
65.83	13.91
65.86	13.91
65.88	13.96
65.90	13.97
65.93	13.95
65.95	13.99
65.98	14.00
66.00	13.99
66.03	14.02
66.05	14.05
66.08	14.04
66.10	14.04
66.12	14.08
66.15	14.07
66.17	14.06
66.20	14.10
66.22	14.11
66.25	14.09
66.27	14.12
66.30	14.12
66.32	14.09
66.34	14.11
66.37	14.14
66.39	14.12
66.42	14.12
66.44	14.16
66.47	14.15
66.49	14.12
66.52	14.17
66.54	14.17
66.56	14.15
66.59	14.18
66.61	14.19
66.64	14.17
66.66	14.16
66.69	14.20
66.71	14.17
66.73	14.17
66.76	14.20
66.78	14.20
66.81	14.17
66.83	14.19
66.86	14.21
66.88	14.18
66.91	14.18
66.93	14.22
66.95	14.21
66.98	14.21
67.00	14.24
67.03	14.22
67.05	14.20
67.08	14.23
67.10	14.23
67.13	14.19
67.15	14.22
67.17	14.24
67.20	14.21
67.22	14.20
67.25	14.23
67.27	14.20
67.30	14.19
67.32	14.22
67.35	14.21
67.37	14.18
67.39	14.20
67.42	14.21
67.44	14.17
67.47	14.18
67.49	14.21
67.52	14.18
67.54	14.17
67.57	14.19
67.59	14.16
67.61	14.13
67.64	14.16
67.66	14.16
67.69	14.12
67.71	14.13
67.74	14.14
67.76	14.10
67.78	14.10
67.81	14.11
67.83	14.07
67.86	14.05
67.88	14.07
67.91	14.05
67.93	14.02
67.96	14.03
67.98	14.03
68.00	13.99
68.03	13.99
68.05	14.00
68.08	13.95
68.10	13.93
68.13	13.94
68.15	13.91
68.18	13.88
68.20	13.90
68.22	13.89
68.25	13.83
68.27	13.83
68.30	13.83
68.32	13.78
68.35	13.76
68.37	13.78
68.40	13.74
68.42	13.70
68.44	13.72
68.47	13.70
68.49	13.65
68.52	13.66
68.54	13.65
68.57	13.61
68.59	13.59
68.62	13.60
68.64	13.55
68.66	13.54
68.69	13.55
68.71	13.51
68.74	13.46
68.76	13.48
68.79	13.47
68.81	13.41
68.83	13.41
68.86	13.41
68.88	13.36
68.91	13.35
68.93	13.37
68.96	13.33
68.98	13.30
69.01	13.31
69.03	13.29
69.05	13.25
69.08	13.26
69.10	13.25
69.13	13.20
69.15	13.19
69.18	13.21
69.20	13.15
69.23	13.13
69.25	13.15
69.27	13.11
69.30	13.08
69.32	13.08
69.35	13.06
69.37	13.01
69.40	13.02
69.42	13.01
69.45	12.96
69.47	12.95
69.49	12.96
69.52	12.91
69.54	12.87
69.57	12.88
69.59	12.85
69.62	12.80
69.64	12.80
69.67	12.78
69.69	12.73
69.71	12.71
69.74	12.72
69.76	12.66
69.79	12.63
69.81	12.65
69.84	12.60
69.86	12.56
69.89	12.57
69.91	12.54
69.93	12.48
69.96	12.48
69.98	12.47
70.01	12.41
70.03	12.40
70.06	12.39
70.08	12.34
70.10	12.30
70.13	12.30
70.15	12.27
70.18	12.21
70.20	12.21
70.23	12.19
70.25	12.13
70.28	12.12
70.30	12.11
70.32	12.06
70.35	12.03
70.37	12.04
70.40	11.99
70.42	11.94
70.45	11.94
70.47	11.91
70.50	11.85
70.52	11.85
70.54	11.83
70.57	11.77
70.59	11.75
70.62	11.75
70.64	11.69
70.67	11.65
70.69	11.65
70.72	11.63
70.74	11.56
70.76	11.56
70.79	11.53
70.81	11.48
70.84	11.47
70.86	11.47
70.89	11.42
70.91	11.39
70.94	11.39
70.96	11.35
70.98	11.31
71.01	11.32
71.03	11.29
71.06	11.24
71.08	11.24
71.11	11.24
71.13	11.18
71.15	11.16
71.18	11.17
71.20	11.12
71.23	11.09
71.25	11.10
71.28	11.07
71.30	11.02
71.33	11.03
71.35	11.01
71.37	10.97
71.40	10.97
71.42	10.99
71.45	10.94
71.47	10.91
71.50	10.93
71.52	10.88
71.55	10.84
71.57	10.86
71.59	10.84
71.62	10.79
71.64	10.79
71.67	10.79
71.69	10.74
71.72	10.73
71.74	10.74
71.77	10.70
71.79	10.67
71.81	10.69
71.84	10.67
71.86	10.63
71.89	10.65
71.91	10.65
71.94	10.61
71.96	10.62
71.99	10.63
72.01	10.60
72.03	10.58
72.06	10.61
72.08	10.58
72.11	10.57
72.13	10.60
72.16	10.59
72.18	10.55
72.20	10.58
72.23	10.60
72.25	10.56
72.28	10.57
72.30	10.60
72.33	10.57
72.35	10.56
72.38	10.60
72.40	10.59
72.42	10.56
72.45	10.59
72.47	10.60
72.50	10.57
72.52	10.59
72.55	10.60
72.57	10.57
72.60	10.54
72.62	10.56
72.64	10.56
72.67	10.53
72.69	10.56
72.72	10.56
72.74	10.53
72.77	10.54
72.79	10.55
72.82	10.52
72.84	10.52
72.86	10.55
72.89	10.51
72.91	10.50
72.94	10.53
72.96	10.51
72.99	10.48
73.01	10.51
73.04	10.52
73.06	10.48
73.08	10.49
73.11	10.51
73.13	10.47
73.16	10.46
73.18	10.48
73.21	10.46
73.23	10.44
73.25	10.49
73.28	10.49
73.30	10.45
73.33	10.47
73.35	10.49
73.38	10.45
73.40	10.45
73.43	10.48
73.45	10.45
73.47	10.45
73.50	10.48
73.52	10.47
73.55	10.46
73.57	10.49
73.60	10.50
73.62	10.47
73.65	10.49
73.67	10.53
73.69	10.50
73.72	10.50
73.74	10.54
73.77	10.54
73.79	10.53
73.82	10.58
73.84	10.60
73.87	10.59
73.89	10.64
73.91	10.67
73.94	10.66
73.96	10.69
73.99	10.74
74.01	10.74
74.04	10.75
74.06	10.81
74.09	10.83
74.11	10.83
74.13	10.89
74.16	10.92
74.18	10.91
74.21	10.96
74.23	11.02
74.26	11.02
74.28	11.06
74.31	11.12
74.33	11.13
74.35	11.14
74.38	11.21
74.40	11.24
74.43	11.24
74.45	11.30
74.48	11.35
74.50	11.35
74.52	11.38
74.55	11.44
74.57	11.45
74.60	11.47
74.62	11.54
74.65	11.55
74.67	11.56
74.70	11.63
74.72	11.67
74.74	11.68
74.77	11.73
74.79	11.78
74.82	11.78
74.84	11.81
74.87	11.87
74.89	11.88
74.92	11.89
74.94	11.96
74.96	11.99
74.99	11.99
75.01	12.05
75.04	12.10
75.06	12.11
75.09	12.15
75.11	12.22
75.14	12.22
75.16	12.25
75.18	12.32
75.21	12.34
75.23	12.37
75.26	12.44
75.28	12.49
75.31	12.49
75.33	12.55
75.36	12.61
75.38	12.62
75.40	12.65
75.43	12.72
75.45	12.75
75.48	12.78
75.50	12.86
75.53	12.90
75.55	12.92
75.57	12.99
75.60	13.05
75.62	13.06
75.65	13.12
75.67	13.19
75.70	13.21
75.72	13.25
75.75	13.34
75.77	13.37
75.79	13.40
75.82	13.49
75.84	13.55
75.87	13.58
75.89	13.64
75.92	13.71
75.94	13.73
75.97	13.79
75.99	13.87
76.01	13.91
76.04	13.95
76.06	14.04
76.09	14.09
76.11	14.13
76.14	14.21
76.16	14.29
76.19	14.32
76.21	14.39
76.23	14.47
76.26	14.50
76.28	14.55
76.31	14.65
76.33	14.70
76.36	14.74
76.38	14.85
76.41	14.91
76.43	14.94
76.45	15.03
76.48	15.12
76.50	15.15
76.53	15.20
76.55	15.30
76.58	15.35
76.60	15.40
76.62	15.50
76.65	15.57
76.67	15.60
76.70	15.70
76.72	15.79
76.75	15.82
76.77	15.90
76.80	15.99
76.82	16.03
76.84	16.09
76.87	16.19
76.89	16.26
76.92	16.30
76.94	16.41
76.97	16.48
76.99	16.52
77.02	16.61
77.04	16.70
77.06	16.74
77.09	16.81
77.11	16.92
77.14	16.96
77.16	17.02
77.19	17.13
77.21	17.21
77.24	17.25
77.26	17.35
77.28	17.45
77.31	17.49
77.33	17.58
77.36	17.68
77.38	17.72
77.41	17.80
77.43	17.91
77.46	17.97
77.48	18.02
77.50	18.14
77.53	18.23
77.55	18.27
77.58	18.38
77.60	18.48
77.63	18.53
77.65	18.61
77.68	18.73
77.70	18.78
77.72	18.86
77.75	18.98
77.77	19.06
77.80	19.11
77.82	19.23
77.85	19.33
77.87	19.39
77.89	19.49
77.92	19.60
77.94	19.66
77.97	19.74
77.99	19.86
78.02	19.94
78.04	20.01
78.07	20.13
78.09	20.23
78.11	20.29
78.14	20.41
78.16	20.52
78.19	20.59
78.21	20.68
78.24	20.80
78.26	20.87
78.29	20.95
78.31	21.08
78.33	21.18
78.36	21.25
78.38	21.37
78.41	21.48
78.43	21.54
78.46	21.66
78.48	21.78
78.51	21.85
78.53	21.94
78.55	22.06
78.58	22.15
78.60	22.22
78.63	22.36
78.65	22.47
78.68	22.55
78.70	22.67
78.73	22.78
78.75	22.86
78.77	22.95
78.80	23.08
78.82	23.16
78.85	23.24
78.87	23.39
78.90	23.49
78.92	23.56
78.94	23.70
78.97	23.82
78.99	23.90
79.02	24.02
79.04	24.16
79.07	24.23
79.09	24.33
79.12	24.47
79.14	24.57
79.16	24.66
79.19	24.81
79.21	24.93
79.24	25.00
79.26	25.13
79.29	25.26
79.31	25.34
79.34	25.44
79.36	25.59
79.38	25.68
79.41	25.77
79.43	25.92
79.46	26.04
79.48	26.12
79.51	26.26
79.53	26.38
79.56	26.47
79.58	26.60
79.60	26.75
79.63	26.83
79.65	26.93
79.68	27.08
79.70	27.17
79.73	27.27
79.75	27.42
79.78	27.55
79.80	27.63
79.82	27.77
79.85	27.91
79.87	28.00
79.90	28.12
79.92	28.27
79.95	28.36
79.97	28.46
79.99	28.62
80.02	28.73
80.04	28.83
80.07	28.97
80.09	29.11
80.12	29.20
80.14	29.33
80.17	29.50
80.19	29.58
80.21	29.69
80.24	29.86
80.26	29.96
80.29	30.07
80.31	30.22
80.34	30.36
80.36	30.45
80.39	30.60
80.41	30.74
80.43	30.84
80.46	30.96
80.48	31.12
80.51	31.21
80.53	31.32
80.56	31.49
80.58	31.62
80.61	31.72
80.63	31.88
80.65	32.02
80.68	32.12
80.70	32.26
80.73	32.42
80.75	32.52
80.78	32.63
80.80	32.81
80.83	32.91
80.85	33.02
80.87	33.19
80.90	33.32
80.92	33.41
80.95	33.57
80.97	33.72
81.00	33.82
81.02	33.99
81.04	34.13
81.07	34.21
81.09	34.36
81.12	34.53
81.14	34.62
81.17	34.75
81.19	34.94
81.22	35.04
81.24	35.14
81.26	35.33
81.29	35.46
81.31	35.54
81.34	35.71
81.36	35.87
81.39	35.95
81.41	36.09
81.44	36.28
81.46	36.37
81.48	36.48
81.51	36.68
81.53	36.79
81.56	36.89
81.58	37.07
81.61	37.21
81.63	37.29
81.66	37.44
81.68	37.58
81.70	37.68
81.73	37.85
81.75	38.01
81.78	38.10
81.80	38.24
81.83	38.40
81.85	38.51
81.88	38.64
81.90	38.80
81.92	38.90
81.95	39.02
81.97	39.17
82.00	39.32
82.02	39.43
82.05	39.58
82.07	39.74
82.10	39.83
82.12	39.95
82.14	40.12
82.17	40.23
82.19	40.35
82.22	40.51
82.24	40.63
82.27	40.73
82.29	40.89
82.31	41.03
82.34	41.13
82.36	41.27
82.39	41.43
82.41	41.52
82.44	41.63
82.46	41.80
82.49	41.91
82.51	42.01
82.53	42.16
82.56	42.30
82.58	42.39
82.61	42.52
82.63	42.66
82.66	42.74
82.68	42.86
82.71	43.01
82.73	43.10
82.75	43.20
82.78	43.36
82.80	43.47
82.83	43.55
82.85	43.69
82.88	43.82
82.90	43.91
82.93	44.03
82.95	44.17
82.97	44.27
83.00	44.37
83.02	44.53
83.05	44.61
83.07	44.70
83.10	44.85
83.12	44.96
83.15	45.04
83.17	45.17
83.19	45.31
83.22	45.38
83.24	45.49
83.27	45.65
83.29	45.75
83.32	45.85
83.34	45.99
83.36	46.10
83.39	46.17
83.41	46.31
83.44	46.44
83.46	46.52
83.49	46.64
83.51	46.77
83.54	46.85
83.56	46.94
83.58	47.08
83.61	47.17
83.63	47.25
83.66	47.39
83.68	47.49
83.71	47.57
83.73	47.68
83.76	47.81
83.78	47.89
83.80	47.99
83.83	48.12
83.85	48.19
83.88	48.27
83.90	48.40
83.93	48.48
83.95	48.55
83.98	48.67
84.00	48.75
84.02	48.81
84.05	48.92
84.07	49.00
84.10	49.06
84.12	49.14
84.15	49.23
84.17	49.28
84.20	49.33
84.22	49.41
84.24	49.46
84.27	49.51
84.29	49.59
84.32	49.62
84.34	49.64
84.37	49.70
84.39	49.75
84.41	49.76
84.44	49.80
84.46	49.84
84.49	49.84
84.51	49.86
84.54	49.91
84.56	49.92
84.59	49.92
84.61	49.95
84.63	49.95
84.66	49.95
84.68	49.96
84.71	49.97
84.73	49.97
84.76	49.97
84.78	49.98
84.81	49.98
84.83	49.98
84.85	49.99
84.88	49.99
84.90	49.99
84.93	49.99
84.95	49.99
84.98	49.99
85.00	49.99
85.03	49.99
85.05	49.99
85.07	49.99
85.10	49.99
85.12	49.99
85.15	49.99
85.17	49.99
85.20	49.99
85.22	49.99
85.25	49.99
85.27	49.99
85.29	49.99
85.32	49.99
85.34	49.99
85.37	49.99
85.39	49.99
85.42	49.99
85.44	49.99
85.47	49.99
85.49	49.99
85.51	49.99
85.54	49.99
85.56	49.99
85.59	49.99
85.61	49.99
85.64	49.99
85.66	49.99
85.68	49.99
85.71	49.99
85.73	49.99
85.76	49.99
85.78	49.99
85.81	49.99
85.83	49.99
85.86	49.99
85.88	49.99
85.90	49.99
85.93	49.99
85.95	49.99
85.98	49.99
86.00	49.99
86.03	49.99
86.05	49.99
86.08	49.99
86.10	49.99
86.12	49.99
86.15	49.99
86.17	49.99
86.20	49.99
86.22	49.99
86.25	49.99
86.27	49.99
86.30	49.99
86.32	49.99
86.34	49.99
86.37	49.99
86.39	49.99
86.42	49.99
86.44	49.99
86.47	49.99
86.49	49.99
86.52	49.99
86.54	49.99
86.56	49.99
86.59	49.99
86.61	49.99
86.64	49.99
86.66	49.99
86.69	49.99
86.71	49.99
86.73	49.99
86.76	49.99
86.78	49.99
86.81	49.99
86.83	49.99
86.86	49.99
86.88	49.99
86.91	49.99
86.93	49.99
86.95	49.99
86.98	49.99
87.00	49.99
87.03	49.99
87.05	49.99
87.08	49.99
87.10	49.99
87.13	49.99
87.15	49.99
87.17	49.99
87.20	49.99
87.22	49.99
87.25	49.99
87.27	49.99
87.30	49.99
87.32	49.99
87.35	49.99
87.37	49.99
87.39	49.99
87.42	49.99
87.44	49.99
87.47	49.99
87.49	49.99
87.52	49.99
87.54	49.99
87.57	49.99
87.59	49.99
87.61	49.99
87.64	49.99
87.66	49.99
87.69	49.99
87.71	49.99
87.74	49.99
87.76	49.99
87.78	49.99
87.81	49.99
87.83	49.99
87.86	49.99
87.88	49.99
87.91	49.99
87.93	49.99
87.96	49.99
87.98	49.99
88.00	49.99
88.03	49.99
88.05	49.99
88.08	49.99
88.10	49.99
88.13	49.99
88.15	49.99
88.18	49.99
88.20	49.99
88.22	49.99
88.25	49.99
88.27	49.99
88.30	49.99
88.32	49.99
88.35	49.99
88.37	49.99
88.40	49.99
88.42	49.99
88.44	49.99
88.47	49.99
88.49	49.99
88.52	49.99
88.54	49.99
88.57	49.99
88.59	49.99
88.62	49.99
88.64	49.99
88.66	49.99
88.69	49.99
88.71	49.99
88.74	49.99
88.76	49.99
88.79	49.99
88.81	49.99
88.83	49.99
88.86	49.99
88.88	49.99
88.91	49.99
88.93	49.99
88.96	49.99
88.98	49.99
89.01	49.99
89.03	49.99
89.05	49.99
89.08	49.99
89.10	49.99
89.13	49.99
89.15	49.99
89.18	49.99
89.20	49.99
89.23	49.99
89.25	49.99
89.27	49.99
89.30	49.99
89.32	49.99
89.35	49.99
89.37	49.99
89.40	49.99
89.42	49.99
89.45	49.99
89.47	49.99
89.49	49.99
89.52	49.99
89.54	49.99
89.57	49.99
89.59	49.99
89.62	49.99
89.64	49.99
89.67	49.99
89.69	49.99
89.71	49.99
89.74	49.99
89.76	49.99
89.79	49.99
89.81	49.99
89.84	49.99
89.86	49.99
89.89	49.99
89.91	49.99
89.93	49.99
89.96	49.99
89.98	49.99
90.01	49.99
90.03	49.99
90.06	49.99
90.08	49.99
90.10	49.99
90.13	49.99
90.15	49.99
90.18	49.99
90.20	49.99
90.23	49.99
90.25	49.99
90.28	49.99
90.30	49.99
90.32	49.99
90.35	49.99
90.37	49.99
90.40	49.99
90.42	49.99
90.45	49.99
90.47	49.99
90.50	49.99
90.52	49.99
90.54	49.99
90.57	49.99
90.59	49.99
90.62	49.99
90.64	49.99
90.67	49.99
90.69	49.99
90.72	49.99
90.74	49.99
90.76	49.99
90.79	49.99
90.81	49.99
90.84	49.99
90.86	49.99
90.89	49.99
90.91	49.99
90.94	49.99
90.96	49.99
90.98	49.99
91.01	49.99
91.03	49.99
91.06	49.99
91.08	49.99
91.11	49.99
91.13	49.99
91.15	49.99
91.18	49.99
91.20	49.99
91.23	49.99
91.25	49.99
91.28	49.99
91.30	49.99
91.33	49.99
91.35	49.99
91.37	49.99
91.40	49.99
91.42	49.99
91.45	49.99
91.47	49.99
91.50	49.99
91.52	49.99
91.55	49.99
91.57	49.99
91.59	49.99
91.62	49.99
91.64	49.99
91.67	49.99
91.69	49.99
91.72	49.99
91.74	49.99
91.77	49.99
91.79	49.99
91.81	49.99
91.84	49.99
91.86	49.99
91.89	49.99
91.91	49.99
91.94	49.99
91.96	49.99
91.99	49.99
92.01	49.99
92.03	49.99
92.06	49.99
92.08	49.99
92.11	49.99
92.13	49.99
92.16	49.99
92.18	49.99
92.20	49.99
92.23	49.99
92.25	49.99
92.28	49.99
92.30	49.99
92.33	49.99
92.35	49.99
92.38	49.99
92.40	49.99
92.42	49.99
92.45	49.99
92.47	49.99
92.50	49.99
92.52	49.99
92.55	49.99
92.57	49.99
92.60	49.99
92.62	49.99
92.64	49.99
92.67	49.99
92.69	49.99
92.72	49.99
92.74	49.99
92.77	49.99
92.79	49.99
92.82	49.99
92.84	49.99
92.86	49.99
92.89	49.99
92.91	49.99
92.94	49.99
92.96	49.99
92.99	49.99
93.01	49.99
93.04	49.99
93.06	49.99
93.08	49.99
93.11	49.99
93.13	49.99
93.16	49.99
93.18	49.99
93.21	49.99
93.23	49.99
93.25	49.99
93.28	49.99
93.30	49.99
93.33	49.99
93.35	49.99
93.38	49.99
93.40	49.99
93.43	49.99
93.45	49.99
93.47	49.99
93.50	49.99
93.52	49.99
93.55	49.99
93.57	49.99
93.60	49.99
93.62	49.99
93.65	49.99
93.67	49.99
93.69	49.99
93.72	49.99
93.74	49.99
93.77	49.99
93.79	49.99
93.82	49.99
93.84	49.99
93.87	49.99
93.89	49.99
93.91	49.99
93.94	49.99
93.96	49.99
93.99	49.99
94.01	49.99
94.04	49.99
94.06	49.99
94.09	49.99
94.11	49.99
94.13	49.99
94.16	49.99
94.18	49.99
94.21	49.99
94.23	49.99
94.26	49.99
94.28	49.99
94.31	49.99
94.33	49.99
94.35	49.99
94.38	49.99
94.40	49.99
94.43	49.99
94.45	49.99
94.48	49.99
94.50	49.99
94.52	49.99
94.55	49.99
94.57	49.99
94.60	49.99
94.62	49.99
94.65	49.99
94.67	49.99
94.70	49.99
94.72	49.99
94.74	49.99
94.77	49.99
94.79	49.99
94.82	49.99
94.84	49.99
94.87	49.99
94.89	49.99
94.92	49.99
94.94	49.99
94.96	49.99
94.99	49.99
95.01	49.99
95.04	49.99
95.06	49.99
95.09	49.99
95.11	49.99
95.14	49.99
95.16	49.99
95.18	49.99
95.21	49.99
95.23	49.99
95.26	49.99
95.28	49.99
95.31	49.99
95.33	49.99
95.36	49.99
95.38	49.99
95.40	49.99
95.43	49.99
95.45	49.99
95.48	49.99
95.50	49.99
95.53	49.99
95.55	49.99
95.57	49.99
95.60	49.99
95.62	49.99
95.65	49.99
95.67	49.99
95.70	49.99
95.72	49.99
95.75	49.99
95.77	49.99
95.79	49.99
95.82	49.99
95.84	49.99
95.87	49.99
95.89	49.99
95.92	49.99
95.94	49.99
95.97	49.99
95.99	49.99
96.01	49.99
96.04	49.99
96.06	49.99
96.09	49.99
96.11	49.99
96.14	49.99
96.16	49.99
96.19	49.99
96.21	49.99
96.23	49.99
96.26	49.99
96.28	49.99
96.31	49.99
96.33	49.99
96.36	49.99
96.38	49.99
96.41	49.99
96.43	49.99
96.45	49.99
96.48	49.99
96.50	49.99
96.53	49.99
96.55	49.99
96.58	49.99
96.60	49.99
96.62	49.99
96.65	49.99
96.67	49.99
96.70	49.99
96.72	49.99
96.75	49.99
96.77	49.99
96.80	49.99
96.82	49.99
96.84	49.99
96.87	49.99
96.89	49.99
96.92	49.99
96.94	49.99
96.97	49.99
96.99	49.99
97.02	49.99
97.04	49.99
97.06	49.99
97.09	49.99
97.11	49.99
97.14	49.99
97.16	49.99
97.19	49.99
97.21	49.99
97.24	49.99
97.26	49.99
97.28	49.99
97.31	49.99
97.33	49.99
97.36	49.99
97.38	49.99
97.41	49.99
97.43	49.99
97.46	49.99
97.48	49.99
97.50	49.99
97.53	49.99
97.55	49.99
97.58	49.99
97.60	49.99
97.63	49.99
97.65	49.99
97.68	49.99
97.70	49.99
97.72	49.99
97.75	49.99
97.77	49.99
97.80	49.99
97.82	49.99
97.85	49.99
97.87	49.99
97.89	49.99
97.92	49.99
97.94	49.99
97.97	49.99
97.99	49.99
98.02	49.99
98.04	49.99
98.07	49.99
98.09	49.99
98.11	49.99
98.14	49.99
98.16	49.99
98.19	49.99
98.21	49.99
98.24	49.99
98.26	49.99
98.29	49.99
98.31	49.99
98.33	49.99
98.36	49.99
98.38	49.99
98.41	49.99
98.43	49.99
98.46	49.99
98.48	49.99
98.51	49.99
98.53	49.99
98.55	49.99
98.58	49.99
98.60	49.99
98.63	49.99
98.65	49.99
98.68	49.99
98.70	49.99
98.73	49.99
98.75	49.99
98.77	49.99
98.80	49.99
98.82	49.99
98.85	49.99
98.87	49.99
98.90	49.99
98.92	49.99
98.94	49.99
98.97	49.99
98.99	49.99
99.02	49.99
99.04	49.99
99.07	49.99
99.09	49.99
99.12	49.99
99.14	49.99
99.16	49.99
99.19	49.99
99.21	49.99
99.24	49.99
99.26	49.99
99.29	49.99
99.31	49.99
99.34	49.99
99.36	49.99
99.38	49.99
99.41	49.99
99.43	49.99
99.46	49.99
99.48	49.99
99.51	49.99
99.53	49.99
99.56	49.99
99.58	49.99
99.60	49.99
99.63	49.99
99.65	49.99
99.68	49.99
99.70	49.99
99.73	49.99
99.75	49.99
99.78	49.99
99.80	49.99
99.82	49.99
99.85	49.99
99.87	49.99
99.90	49.99
