Voltage U1	Corriente IA
U1/V	IA/nA

0.02	0.07
0.04	0.07
0.07	0.08
0.09	0.08
0.12	0.08
0.14	0.09
0.17	0.09
0.19	0.09
0.21	0.10
0.24	0.10
0.26	0.10
0.29	0.11
0.31	0.11
0.34	0.11
0.36	0.11
0.39	0.11
0.41	0.11
0.43	0.11
0.46	0.12
0.48	0.12
0.51	0.12
0.53	0.14
0.56	0.12
0.58	0.12
0.61	0.13
0.63	0.11
0.65	0.11
0.68	0.11
0.70	0.12
0.73	0.11
0.75	0.11
0.78	0.13
0.80	0.12
0.83	0.12
0.85	0.13
0.87	0.12
0.90	0.12
0.92	0.12
0.95	0.12
0.97	0.12
1.00	0.12
1.02	0.13
1.05	0.12
1.07	0.12
1.09	0.14
1.12	0.13
1.14	0.12
1.17	0.13
1.19	0.12
1.22	0.12
1.24	0.12
1.26	0.12
1.29	0.12
1.31	0.12
1.34	0.14
1.36	0.13
1.39	0.13
1.41	0.14
1.44	0.12
1.46	0.12
1.48	0.13
1.51	0.12
1.53	0.12
1.56	0.12
1.58	0.13
1.61	0.13
1.63	0.13
1.66	0.14
1.68	0.13
1.70	0.13
1.73	0.14
1.75	0.12
1.78	0.12
1.80	0.12
1.83	0.12
1.85	0.12
1.88	0.12
1.90	0.14
1.92	0.13
1.95	0.13
1.97	0.14
2.00	0.12
2.02	0.12
2.05	0.12
2.07	0.12
2.10	0.12
2.12	0.12
2.14	0.13
2.17	0.12
2.19	0.12
2.22	0.13
2.24	0.12
2.27	0.12
2.29	0.12
2.31	0.11
2.34	0.11
2.36	0.11
2.39	0.12
2.41	0.11
2.44	0.11
2.46	0.13
2.49	0.12
2.51	0.12
2.53	0.13
2.56	0.12
2.58	0.12
2.61	0.12
2.63	0.12
2.66	0.12
2.68	0.12
2.71	0.14
2.73	0.13
2.75	0.13
2.78	0.15
2.80	0.13
2.83	0.13
2.85	0.14
2.88	0.13
2.90	0.13
2.93	0.13
2.95	0.13
2.97	0.13
3.00	0.13
3.02	0.15
3.05	0.14
3.07	0.14
3.10	0.15
3.12	0.13
3.15	0.13
3.17	0.14
3.19	0.13
3.22	0.13
3.24	0.13
3.27	0.14
3.29	0.13
3.32	0.13
3.34	0.15
3.36	0.13
3.39	0.13
3.41	0.14
3.44	0.13
3.46	0.13
3.49	0.13
3.51	0.13
3.54	0.12
3.56	0.12
3.58	0.14
3.61	0.13
3.63	0.13
3.66	0.14
3.68	0.12
3.71	0.12
3.73	0.13
3.76	0.12
3.78	0.12
3.80	0.12
3.83	0.13
3.85	0.13
3.88	0.13
3.90	0.15
3.93	0.13
3.95	0.13
3.98	0.14
4.00	0.12
4.02	0.12
4.05	0.13
4.07	0.13
4.10	0.12
4.12	0.12
4.15	0.14
4.17	0.13
4.20	0.13
4.22	0.14
4.24	0.12
4.27	0.12
4.29	0.13
4.32	0.12
4.34	0.12
4.37	0.12
4.39	0.14
4.42	0.13
4.44	0.13
4.46	0.15
4.49	0.13
4.51	0.13
4.54	0.13
4.56	0.13
4.59	0.13
4.61	0.13
4.63	0.13
4.66	0.12
4.68	0.12
4.71	0.13
4.73	0.12
4.76	0.12
4.78	0.14
4.81	0.12
4.83	0.12
4.85	0.13
4.88	0.12
4.90	0.12
4.93	0.12
4.95	0.14
4.98	0.13
5.00	0.13
5.03	0.15
5.05	0.13
5.07	0.13
5.10	0.14
5.12	0.12
5.15	0.12
5.17	0.12
5.20	0.13
5.22	0.12
5.25	0.12
5.27	0.14
5.29	0.13
5.32	0.13
5.34	0.14
5.37	0.13
5.39	0.13
5.42	0.13
5.44	0.12
5.47	0.12
5.49	0.12
5.51	0.13
5.54	0.13
5.56	0.13
5.59	0.14
5.61	0.13
5.64	0.13
5.66	0.13
5.68	0.12
5.71	0.12
5.73	0.12
5.76	0.13
5.78	0.12
5.81	0.12
5.83	0.14
5.86	0.13
5.88	0.13
5.90	0.14
5.93	0.12
5.95	0.12
5.98	0.12
6.00	0.12
6.03	0.12
6.05	0.12
6.08	0.13
6.10	0.13
6.12	0.13
6.15	0.14
6.17	0.13
6.20	0.13
6.22	0.13
6.25	0.12
6.27	0.12
6.30	0.12
6.32	0.12
6.34	0.12
6.37	0.12
6.39	0.14
6.42	0.12
6.44	0.12
6.47	0.13
6.49	0.12
6.52	0.12
6.54	0.12
6.56	0.12
6.59	0.12
6.61	0.12
6.64	0.13
6.66	0.12
6.69	0.12
6.71	0.14
6.73	0.12
6.76	0.12
6.78	0.13
6.81	0.12
6.83	0.12
6.86	0.12
6.88	0.13
6.91	0.12
6.93	0.12
6.95	0.14
6.98	0.13
7.00	0.13
7.03	0.14
7.05	0.12
7.08	0.12
7.10	0.13
7.13	0.13
7.15	0.12
7.17	0.12
7.20	0.14
7.22	0.13
7.25	0.13
7.27	0.15
7.30	0.13
7.32	0.13
7.35	0.14
7.37	0.13
7.39	0.13
7.42	0.13
7.44	0.13
7.47	0.13
7.49	0.13
7.52	0.15
7.54	0.13
7.57	0.13
7.59	0.14
7.61	0.12
7.64	0.12
7.66	0.13
7.69	0.12
7.71	0.12
7.74	0.12
7.76	0.14
7.78	0.13
7.81	0.13
7.83	0.15
7.86	0.13
7.88	0.13
7.91	0.14
7.93	0.13
7.96	0.13
7.98	0.13
8.00	0.13
8.03	0.13
8.05	0.13
8.08	0.15
8.10	0.13
8.13	0.13
8.15	0.15
8.18	0.13
8.20	0.13
8.22	0.13
8.25	0.13
8.27	0.13
8.30	0.13
8.32	0.15
8.35	0.13
8.37	0.14
8.40	0.15
8.42	0.14
8.44	0.14
8.47	0.15
8.49	0.13
8.52	0.13
8.54	0.13
8.57	0.14
8.59	0.13
8.62	0.13
8.64	0.15
8.66	0.14
8.69	0.14
8.71	0.15
8.74	0.14
8.76	0.14
8.79	0.14
8.81	0.14
8.84	0.14
8.86	0.14
8.88	0.15
8.91	0.14
8.93	0.14
8.96	0.16
8.98	0.14
9.01	0.14
9.03	0.17
9.05	0.16
9.08	0.16
9.10	0.16
9.13	0.17
9.15	0.16
9.18	0.16
9.20	0.18
9.23	0.16
9.25	0.16
9.27	0.18
9.30	0.16
9.32	0.16
9.35	0.16
9.37	0.16
9.40	0.16
9.42	0.16
9.45	0.17
9.47	0.16
9.49	0.16
9.52	0.18
9.54	0.16
9.57	0.16
9.59	0.17
9.62	0.16
9.64	0.16
9.67	0.16
9.69	0.15
9.71	0.14
9.74	0.14
9.76	0.16
9.79	0.14
9.81	0.14
9.84	0.16
9.86	0.14
9.89	0.14
9.91	0.14
9.93	0.14
9.96	0.14
9.98	0.14
10.01	0.16
10.03	0.15
10.06	0.15
10.08	0.17
10.10	0.15
10.13	0.15
10.15	0.16
10.18	0.15
10.20	0.15
10.23	0.15
10.25	0.16
10.28	0.15
10.30	0.15
10.32	0.17
10.35	0.15
10.37	0.15
10.40	0.17
10.42	0.15
10.45	0.15
10.47	0.15
10.50	0.15
10.52	0.15
10.54	0.15
10.57	0.17
10.59	0.16
10.62	0.16
10.64	0.17
10.67	0.16
10.69	0.16
10.72	0.16
10.74	0.15
10.76	0.15
10.79	0.15
10.81	0.16
10.84	0.15
10.86	0.15
10.89	0.17
10.91	0.15
10.94	0.15
10.96	0.17
10.98	0.15
11.01	0.15
11.03	0.15
11.06	0.15
11.08	0.15
11.11	0.15
11.13	0.16
11.15	0.15
11.18	0.15
11.20	0.17
11.23	0.15
11.25	0.15
11.28	0.16
11.30	0.15
11.33	0.15
11.35	0.15
11.37	0.16
11.40	0.15
11.42	0.15
11.45	0.17
11.47	0.15
11.50	0.15
11.52	0.17
11.55	0.14
11.57	0.14
11.59	0.15
11.62	0.14
11.64	0.14
11.67	0.14
11.69	0.16
11.72	0.15
11.74	0.15
11.77	0.17
11.79	0.15
11.81	0.15
11.84	0.16
11.86	0.15
11.89	0.15
11.91	0.15
11.94	0.15
11.96	0.14
11.99	0.14
12.01	0.16
12.03	0.14
12.06	0.14
12.08	0.16
12.11	0.15
12.13	0.15
12.16	0.15
12.18	0.15
12.21	0.15
12.23	0.15
12.25	0.16
12.28	0.15
12.30	0.15
12.33	0.17
12.35	0.15
12.38	0.15
12.40	0.16
12.42	0.15
12.45	0.15
12.47	0.15
12.50	0.16
12.52	0.15
12.55	0.15
12.57	0.17
12.60	0.15
12.62	0.15
12.64	0.16
12.67	0.15
12.69	0.15
12.72	0.15
12.74	0.15
12.77	0.15
12.79	0.15
12.82	0.16
12.84	0.15
12.86	0.15
12.89	0.17
12.91	0.15
12.94	0.15
12.96	0.15
12.99	0.15
13.01	0.15
13.04	0.15
13.06	0.16
13.08	0.15
13.11	0.15
13.13	0.17
13.16	0.15
13.18	0.15
13.21	0.16
13.23	0.15
13.26	0.15
13.28	0.15
13.30	0.16
13.33	0.16
13.35	0.16
13.38	0.18
13.40	0.16
13.43	0.16
13.45	0.18
13.47	0.16
13.50	0.16
13.52	0.16
13.55	0.16
13.57	0.16
13.60	0.16
13.62	0.18
13.65	0.16
13.67	0.16
13.69	0.19
13.72	0.17
13.74	0.17
13.77	0.17
13.79	0.16
13.82	0.16
13.84	0.16
13.87	0.16
13.89	0.16
13.91	0.16
13.94	0.18
13.96	0.16
13.99	0.16
14.01	0.18
14.04	0.16
14.06	0.16
14.09	0.17
14.11	0.16
14.13	0.16
14.16	0.16
14.18	0.17
14.21	0.15
14.23	0.15
14.26	0.17
14.28	0.16
14.31	0.16
14.33	0.17
14.35	0.15
14.38	0.15
14.40	0.16
14.43	0.16
14.45	0.16
14.48	0.16
14.50	0.18
14.52	0.16
14.55	0.16
14.57	0.18
14.60	0.16
14.62	0.16
14.65	0.16
14.67	0.15
14.70	0.15
14.72	0.15
14.74	0.16
14.77	0.15
14.79	0.15
14.82	0.18
14.84	0.16
14.87	0.16
14.89	0.17
14.92	0.15
14.94	0.15
14.96	0.16
14.99	0.16
15.01	0.16
15.04	0.16
15.06	0.17
15.09	0.16
15.11	0.16
15.14	0.18
15.16	0.16
15.18	0.16
15.21	0.16
15.23	0.16
15.26	0.16
15.28	0.16
15.31	0.17
15.33	0.16
15.36	0.16
15.38	0.18
15.40	0.16
15.43	0.16
15.45	0.18
15.48	0.16
15.50	0.16
15.53	0.16
15.55	0.16
15.57	0.16
15.60	0.16
15.62	0.18
15.65	0.16
15.67	0.16
15.70	0.17
15.72	0.15
15.75	0.15
15.77	0.16
15.79	0.16
15.82	0.16
15.84	0.16
15.87	0.17
15.89	0.15
15.92	0.15
15.94	0.18
15.97	0.16
15.99	0.16
16.01	0.17
16.04	0.16
16.06	0.16
16.09	0.16
16.11	0.16
16.14	0.15
16.16	0.15
16.19	0.17
16.21	0.16
16.23	0.16
16.26	0.17
16.28	0.15
16.31	0.15
16.33	0.16
16.36	0.15
16.38	0.15
16.41	0.15
16.43	0.15
16.45	0.14
16.48	0.14
16.50	0.16
16.53	0.14
16.55	0.14
16.58	0.16
16.60	0.13
16.63	0.13
16.65	0.14
16.67	0.14
16.70	0.14
16.72	0.14
16.75	0.16
16.77	0.14
16.80	0.14
16.82	0.16
16.84	0.14
16.87	0.14
16.89	0.14
16.92	0.14
16.94	0.14
16.97	0.14
16.99	0.16
17.02	0.15
17.04	0.15
17.06	0.17
17.09	0.16
17.11	0.16
17.14	0.16
17.16	0.15
17.19	0.15
17.21	0.15
17.24	0.15
17.26	0.15
17.28	0.15
17.31	0.17
17.33	0.15
17.36	0.15
17.38	0.17
17.41	0.14
17.43	0.14
17.46	0.15
17.48	0.14
17.50	0.14
17.53	0.14
17.55	0.16
17.58	0.14
17.60	0.14
17.63	0.16
17.65	0.14
17.68	0.14
17.70	0.16
17.72	0.14
17.75	0.14
17.77	0.15
17.80	0.15
17.82	0.15
17.85	0.15
17.87	0.17
17.89	0.16
17.92	0.16
17.94	0.17
17.97	0.15
17.99	0.15
18.02	0.16
18.04	0.15
18.07	0.15
18.09	0.15
18.11	0.15
18.14	0.15
18.16	0.15
18.19	0.17
18.21	0.15
18.24	0.15
18.26	0.18
18.29	0.16
18.31	0.16
18.33	0.16
18.36	0.16
18.38	0.16
18.41	0.16
18.43	0.17
18.46	0.16
18.48	0.16
18.51	0.17
18.53	0.15
18.55	0.15
18.58	0.16
18.60	0.15
18.63	0.15
18.65	0.15
18.68	0.17
18.70	0.16
18.73	0.16
18.75	0.18
18.77	0.16
18.80	0.16
18.82	0.17
18.85	0.16
18.87	0.16
18.90	0.17
18.92	0.15
18.94	0.14
18.97	0.15
18.99	0.16
19.02	0.15
19.04	0.15
19.07	0.16
19.09	0.14
19.12	0.14
19.14	0.14
19.16	0.13
19.19	0.13
19.21	0.13
19.24	0.14
19.26	0.13
19.29	0.13
19.31	0.15
19.34	0.13
19.36	0.13
19.38	0.14
19.41	0.13
19.43	0.13
19.46	0.13
19.48	0.14
19.51	0.13
19.53	0.13
19.56	0.15
19.58	0.13
19.60	0.13
19.63	0.15
19.65	0.13
19.68	0.13
19.70	0.13
19.73	0.13
19.75	0.13
19.78	0.13
19.80	0.15
19.82	0.14
19.85	0.14
19.87	0.15
19.90	0.14
19.92	0.14
19.95	0.14
19.97	0.13
19.99	0.13
20.02	0.13
20.04	0.13
20.07	0.13
20.09	0.13
20.12	0.15
20.14	0.13
20.17	0.13
20.19	0.15
20.21	0.13
20.24	0.13
20.26	0.13
20.29	0.13
20.31	0.13
20.34	0.13
20.36	0.14
20.39	0.13
20.41	0.13
20.43	0.15
20.46	0.13
20.48	0.13
20.51	0.14
20.53	0.13
20.56	0.13
20.58	0.13
20.61	0.13
20.63	0.13
20.65	0.13
20.68	0.15
20.70	0.13
20.73	0.14
20.75	0.15
20.78	0.12
20.80	0.12
20.83	0.13
20.85	0.13
20.87	0.13
20.90	0.13
20.92	0.14
20.95	0.13
20.97	0.13
21.00	0.15
21.02	0.13
21.05	0.13
21.07	0.14
21.09	0.12
21.12	0.12
21.14	0.12
21.17	0.13
21.19	0.12
21.22	0.12
21.24	0.14
21.26	0.13
21.29	0.12
21.31	0.14
21.34	0.12
21.36	0.12
21.39	0.13
21.41	0.12
21.44	0.12
21.46	0.12
21.48	0.13
21.51	0.12
21.53	0.13
21.56	0.14
21.58	0.13
21.61	0.13
21.63	0.13
21.66	0.12
21.68	0.12
21.70	0.12
21.73	0.13
21.75	0.13
21.78	0.13
21.80	0.15
21.83	0.13
21.85	0.13
21.88	0.15
21.90	0.13
21.92	0.13
21.95	0.13
21.97	0.13
22.00	0.13
22.02	0.13
22.05	0.15
22.07	0.14
22.10	0.14
22.12	0.16
22.14	0.14
22.17	0.14
22.19	0.15
22.22	0.13
22.24	0.13
22.27	0.13
22.29	0.14
22.31	0.13
22.34	0.13
22.36	0.15
22.39	0.14
22.41	0.14
22.44	0.15
22.46	0.13
22.49	0.13
22.51	0.14
22.53	0.14
22.56	0.14
22.58	0.14
22.61	0.15
22.63	0.14
22.66	0.14
22.68	0.16
22.71	0.14
22.73	0.14
22.75	0.15
22.78	0.14
22.80	0.14
22.83	0.14
22.85	0.15
22.88	0.15
22.90	0.15
22.93	0.17
22.95	0.15
22.97	0.15
23.00	0.17
23.02	0.15
23.05	0.15
23.07	0.16
23.10	0.16
23.12	0.16
23.15	0.16
23.17	0.17
23.19	0.16
23.22	0.16
23.24	0.18
23.27	0.16
23.29	0.16
23.32	0.17
23.34	0.16
23.36	0.16
23.39	0.16
23.41	0.17
23.44	0.16
23.46	0.16
23.49	0.18
23.51	0.16
23.54	0.16
23.56	0.18
23.58	0.17
23.61	0.17
23.63	0.17
23.66	0.17
23.68	0.17
23.71	0.17
23.73	0.19
23.76	0.17
23.78	0.17
23.80	0.20
23.83	0.18
23.85	0.18
23.88	0.19
23.90	0.18
23.93	0.18
23.95	0.19
23.98	0.20
24.00	0.19
24.02	0.19
24.05	0.21
24.07	0.20
24.10	0.20
24.12	0.21
24.15	0.19
24.17	0.19
24.20	0.21
24.22	0.20
24.24	0.20
24.27	0.20
24.29	0.22
24.32	0.20
24.34	0.20
24.37	0.23
24.39	0.21
24.42	0.21
24.44	0.22
24.46	0.21
24.49	0.21
24.51	0.22
24.54	0.23
24.56	0.21
24.59	0.21
24.61	0.24
24.63	0.21
24.66	0.21
24.68	0.24
24.71	0.22
24.73	0.22
24.76	0.24
24.78	0.24
24.81	0.23
24.83	0.23
24.85	0.25
24.88	0.23
24.90	0.23
24.93	0.25
24.95	0.23
24.98	0.23
25.00	0.25
25.03	0.25
25.05	0.24
25.07	0.25
25.10	0.26
25.12	0.25
25.15	0.25
25.17	0.27
25.20	0.25
25.22	0.25
25.25	0.27
25.27	0.26
25.29	0.26
25.32	0.28
25.34	0.27
25.37	0.26
25.39	0.27
25.42	0.28
25.44	0.26
25.47	0.26
25.49	0.29
25.51	0.28
25.54	0.28
25.56	0.29
25.59	0.29
25.61	0.29
25.64	0.30
25.66	0.31
25.68	0.29
25.71	0.29
25.73	0.31
25.76	0.29
25.78	0.29
25.81	0.31
25.83	0.30
25.86	0.30
25.88	0.32
25.90	0.32
25.93	0.31
25.95	0.31
25.98	0.33
26.00	0.31
26.03	0.31
26.05	0.34
26.08	0.32
26.10	0.32
26.12	0.35
26.15	0.34
26.17	0.34
26.20	0.35
26.22	0.36
26.25	0.34
26.27	0.34
26.30	0.37
26.32	0.35
26.34	0.35
26.37	0.38
26.39	0.37
26.42	0.37
26.44	0.39
26.47	0.40
26.49	0.38
26.52	0.39
26.54	0.41
26.56	0.38
26.59	0.38
26.61	0.42
26.64	0.40
26.66	0.40
26.69	0.43
26.71	0.43
26.73	0.42
26.76	0.44
26.78	0.45
26.81	0.43
26.83	0.47
26.86	0.47
26.88	0.44
26.91	0.47
26.93	0.50
26.95	0.46
26.98	0.48
27.00	0.52
27.03	0.49
27.05	0.48
27.08	0.53
27.10	0.51
27.13	0.48
27.15	0.52
27.17	0.54
27.20	0.50
27.22	0.53
27.25	0.57
27.27	0.53
27.30	0.53
27.32	0.57
27.35	0.55
27.37	0.52
27.39	0.57
27.42	0.57
27.44	0.53
27.47	0.56
27.49	0.55
27.52	0.54
27.54	0.57
27.57	0.58
27.59	0.55
27.61	0.56
27.64	0.59
27.66	0.56
27.69	0.56
27.71	0.60
27.74	0.58
27.76	0.58
27.78	0.61
27.81	0.61
27.83	0.59
27.86	0.61
27.88	0.63
27.91	0.60
27.93	0.61
27.96	0.65
27.98	0.60
28.00	0.60
28.03	0.64
28.05	0.64
28.08	0.62
28.10	0.65
28.13	0.67
28.15	0.64
28.18	0.65
28.20	0.68
28.22	0.65
28.25	0.66
28.27	0.71
28.30	0.68
28.32	0.68
28.35	0.72
28.37	0.72
28.40	0.70
28.42	0.73
28.44	0.75
28.47	0.72
28.49	0.73
28.52	0.77
28.54	0.74
28.57	0.74
28.59	0.79
28.62	0.78
28.64	0.78
28.66	0.82
28.69	0.83
28.71	0.80
28.74	0.83
28.76	0.86
28.79	0.83
28.81	0.84
28.84	0.89
28.86	0.87
28.88	0.86
28.91	0.90
28.93	0.90
28.96	0.88
28.98	0.92
29.01	0.93
29.03	0.91
29.05	0.93
29.08	0.96
29.10	0.94
29.13	0.94
29.15	0.99
29.18	0.98
29.20	0.96
29.23	1.01
29.25	1.01
29.27	0.99
29.30	1.02
29.32	1.05
29.35	1.03
29.37	1.04
29.40	1.08
29.42	1.06
29.45	1.06
29.47	1.10
29.49	1.10
29.52	1.08
29.54	1.12
29.57	1.14
29.59	1.11
29.62	1.14
29.64	1.17
29.67	1.15
29.69	1.15
29.71	1.19
29.74	1.19
29.76	1.18
29.79	1.22
29.81	1.23
29.84	1.21
29.86	1.25
29.89	1.27
29.91	1.25
29.93	1.26
29.96	1.30
29.98	1.29
30.01	1.29
30.03	1.33
30.06	1.33
30.08	1.32
30.10	1.35
30.13	1.37
30.15	1.35
30.18	1.37
30.20	1.40
30.23	1.38
30.25	1.39
30.28	1.43
30.30	1.42
30.32	1.42
30.35	1.46
30.37	1.47
30.40	1.45
30.42	1.47
30.45	1.50
30.47	1.48
30.50	1.49
30.52	1.53
30.54	1.52
30.57	1.51
30.59	1.55
30.62	1.55
30.64	1.53
30.67	1.57
30.69	1.58
30.72	1.56
30.74	1.58
30.76	1.61
30.79	1.59
30.81	1.59
30.84	1.63
30.86	1.62
30.89	1.61
30.91	1.65
30.94	1.65
30.96	1.63
30.98	1.66
31.01	1.67
31.03	1.65
31.06	1.66
31.08	1.69
31.11	1.68
31.13	1.67
31.15	1.70
31.18	1.70
31.20	1.68
31.23	1.71
31.25	1.72
31.28	1.70
31.30	1.72
31.33	1.75
31.35	1.72
31.37	1.72
31.40	1.75
31.42	1.74
31.45	1.73
31.47	1.76
31.50	1.77
31.52	1.74
31.55	1.76
31.57	1.78
31.59	1.76
31.62	1.77
31.64	1.79
31.67	1.78
31.69	1.77
31.72	1.80
31.74	1.79
31.77	1.77
31.79	1.80
31.81	1.81
31.84	1.79
31.86	1.80
31.89	1.82
31.91	1.80
31.94	1.79
31.96	1.83
31.99	1.82
32.01	1.80
32.03	1.83
32.06	1.83
32.08	1.81
32.11	1.82
32.13	1.84
32.16	1.80
32.18	1.81
32.20	1.84
32.23	1.82
32.25	1.81
32.28	1.83
32.30	1.83
32.33	1.80
32.35	1.82
32.38	1.83
32.40	1.80
32.42	1.81
32.45	1.83
32.47	1.80
32.50	1.79
32.52	1.82
32.55	1.80
32.57	1.78
32.60	1.80
32.62	1.80
32.64	1.76
32.67	1.78
32.69	1.79
32.72	1.76
32.74	1.76
32.77	1.78
32.79	1.76
32.82	1.74
32.84	1.76
32.86	1.74
32.89	1.71
32.91	1.73
32.94	1.73
32.96	1.69
32.99	1.70
33.01	1.71
33.04	1.68
33.06	1.67
33.08	1.69
33.11	1.67
33.13	1.64
33.16	1.66
33.18	1.65
33.21	1.62
33.23	1.63
33.26	1.64
33.28	1.60
33.30	1.59
33.33	1.61
33.35	1.57
33.38	1.55
33.40	1.57
33.43	1.56
33.45	1.52
33.47	1.53
33.50	1.53
33.52	1.50
33.55	1.50
33.57	1.51
33.60	1.47
33.62	1.46
33.65	1.47
33.67	1.45
33.69	1.42
33.72	1.44
33.74	1.43
33.77	1.39
33.79	1.39
33.82	1.40
33.84	1.36
33.87	1.35
33.89	1.36
33.91	1.34
33.94	1.32
33.96	1.33
33.99	1.31
34.01	1.28
34.04	1.29
34.06	1.29
34.09	1.25
34.11	1.25
34.13	1.25
34.16	1.22
34.18	1.20
34.21	1.22
34.23	1.20
34.26	1.17
34.28	1.16
34.31	1.15
34.33	1.11
34.35	1.11
34.38	1.12
34.40	1.08
34.43	1.07
34.45	1.09
34.48	1.05
34.50	1.03
34.52	1.05
34.55	1.04
34.57	0.99
34.60	1.00
34.62	1.01
34.65	0.97
34.67	0.97
34.70	0.98
34.72	0.94
34.74	0.93
34.77	0.94
34.79	0.91
34.82	0.89
34.84	0.91
34.87	0.90
34.89	0.86
34.92	0.87
34.94	0.89
34.96	0.85
34.99	0.84
35.01	0.86
35.04	0.83
35.06	0.81
35.09	0.83
35.11	0.81
35.14	0.78
35.16	0.79
35.18	0.79
35.21	0.75
35.23	0.75
35.26	0.76
35.28	0.73
35.31	0.71
35.33	0.73
35.36	0.71
35.38	0.68
35.40	0.70
35.43	0.69
35.45	0.66
35.48	0.66
35.50	0.67
35.53	0.63
35.55	0.62
35.57	0.63
35.60	0.61
35.62	0.59
35.65	0.61
35.67	0.60
35.70	0.57
35.72	0.58
35.75	0.58
35.77	0.54
35.79	0.54
35.82	0.55
35.84	0.52
35.87	0.51
35.89	0.53
35.92	0.51
35.94	0.49
35.97	0.51
35.99	0.50
36.01	0.47
36.04	0.47
36.06	0.48
36.09	0.45
36.11	0.44
36.14	0.46
36.16	0.44
36.19	0.43
36.21	0.44
36.23	0.43
36.26	0.41
36.28	0.42
36.31	0.42
36.33	0.39
36.36	0.39
36.38	0.41
36.41	0.38
36.43	0.38
36.45	0.40
36.48	0.38
36.50	0.36
36.53	0.37
36.55	0.38
36.58	0.35
36.60	0.35
36.62	0.37
36.65	0.33
36.67	0.33
36.70	0.35
36.72	0.33
36.75	0.32
36.77	0.34
36.80	0.33
36.82	0.31
36.84	0.31
36.87	0.32
36.89	0.30
36.92	0.30
36.94	0.32
36.97	0.29
36.99	0.29
37.02	0.31
37.04	0.29
37.06	0.28
37.09	0.29
37.11	0.29
37.14	0.27
37.16	0.27
37.19	0.29
37.21	0.26
37.24	0.26
37.26	0.28
37.28	0.26
37.31	0.26
37.33	0.27
37.36	0.26
37.38	0.25
37.41	0.25
37.43	0.26
37.46	0.24
37.48	0.24
37.50	0.26
37.53	0.23
37.55	0.23
37.58	0.25
37.60	0.23
37.63	0.23
37.65	0.23
37.68	0.24
37.70	0.22
37.72	0.22
37.75	0.23
37.77	0.21
37.80	0.21
37.82	0.23
37.85	0.21
37.87	0.21
37.89	0.22
37.92	0.21
37.94	0.20
37.97	0.20
37.99	0.21
38.02	0.20
38.04	0.20
38.07	0.22
38.09	0.20
38.11	0.20
38.14	0.21
38.16	0.20
38.19	0.20
38.21	0.20
38.24	0.21
38.26	0.19
38.29	0.19
38.31	0.21
38.33	0.19
38.36	0.19
38.38	0.21
38.41	0.20
38.43	0.20
38.46	0.21
38.48	0.21
38.51	0.20
38.53	0.20
38.55	0.22
38.58	0.20
38.60	0.20
38.63	0.23
38.65	0.21
38.68	0.21
38.70	0.23
38.73	0.22
38.75	0.22
38.77	0.23
38.80	0.25
38.82	0.23
38.85	0.23
38.87	0.26
38.90	0.24
38.92	0.25
38.94	0.27
38.97	0.27
38.99	0.27
39.02	0.29
39.04	0.30
39.07	0.29
39.09	0.29
39.12	0.32
39.14	0.30
39.16	0.30
39.19	0.34
39.21	0.33
39.24	0.33
39.26	0.36
39.29	0.36
39.31	0.36
39.34	0.38
39.36	0.39
39.38	0.38
39.41	0.39
39.43	0.42
39.46	0.40
39.48	0.40
39.51	0.44
39.53	0.44
39.56	0.44
39.58	0.47
39.60	0.47
39.63	0.46
39.65	0.47
39.68	0.49
39.70	0.48
39.73	0.49
39.75	0.53
39.78	0.51
39.80	0.51
39.82	0.55
39.85	0.55
39.87	0.54
39.90	0.56
39.92	0.58
39.95	0.57
39.97	0.58
39.99	0.61
40.02	0.60
40.04	0.61
40.07	0.64
40.09	0.64
40.12	0.64
40.14	0.68
40.17	0.68
40.19	0.67
40.21	0.70
40.24	0.72
40.26	0.70
40.29	0.72
40.31	0.75
40.34	0.75
40.36	0.74
40.39	0.78
40.41	0.78
40.43	0.77
40.46	0.80
40.48	0.82
40.51	0.80
40.53	0.83
40.56	0.86
40.58	0.84
40.61	0.85
40.63	0.88
40.65	0.88
40.68	0.88
40.70	0.91
40.73	0.93
40.75	0.91
40.78	0.94
40.80	0.96
40.83	0.94
40.85	0.96
40.87	0.99
40.90	0.98
40.92	0.98
40.95	1.02
40.97	1.02
41.00	1.01
41.02	1.04
41.05	1.06
41.07	1.05
41.09	1.07
41.12	1.10
41.14	1.08
41.17	1.09
41.19	1.13
41.22	1.12
41.24	1.12
41.26	1.16
41.29	1.17
41.31	1.16
41.34	1.18
41.36	1.21
41.39	1.18
41.41	1.20
41.44	1.24
41.46	1.23
41.48	1.23
41.51	1.27
41.53	1.27
41.56	1.26
41.58	1.29
41.61	1.30
41.63	1.29
41.66	1.32
41.68	1.35
41.70	1.33
41.73	1.34
41.75	1.38
41.78	1.37
41.80	1.36
41.83	1.40
41.85	1.41
41.88	1.39
41.90	1.41
41.92	1.44
41.95	1.42
41.97	1.44
42.00	1.47
42.02	1.46
42.05	1.46
42.07	1.50
42.10	1.50
42.12	1.48
42.14	1.52
42.17	1.53
42.19	1.51
42.22	1.53
42.24	1.56
42.27	1.55
42.29	1.55
42.31	1.59
42.34	1.58
42.36	1.58
42.39	1.61
42.41	1.62
42.44	1.60
42.46	1.63
42.49	1.66
42.51	1.64
42.53	1.65
42.56	1.68
42.58	1.67
42.61	1.67
42.63	1.70
42.66	1.71
42.68	1.69
42.71	1.72
42.73	1.73
42.75	1.72
42.78	1.74
42.80	1.77
42.83	1.74
42.85	1.75
42.88	1.79
42.90	1.78
42.93	1.77
42.95	1.81
42.97	1.82
43.00	1.80
43.02	1.82
43.05	1.84
43.07	1.83
43.10	1.84
43.12	1.88
43.15	1.86
43.17	1.86
43.19	1.90
43.22	1.89
43.24	1.88
43.27	1.91
43.29	1.93
43.32	1.90
43.34	1.93
43.36	1.95
43.39	1.94
43.41	1.94
43.44	1.97
43.46	1.97
43.49	1.96
43.51	1.99
43.54	2.00
43.56	1.98
43.58	2.00
43.61	2.02
43.63	2.00
43.66	2.01
43.68	2.05
43.71	2.03
43.73	2.03
43.76	2.06
43.78	2.06
43.80	2.04
43.83	2.07
43.85	2.08
43.88	2.07
43.90	2.09
43.93	2.11
43.95	2.09
43.98	2.09
44.00	2.13
44.02	2.12
44.05	2.11
44.07	2.14
44.10	2.15
44.12	2.13
44.15	2.15
44.17	2.17
44.20	2.16
44.22	2.16
44.24	2.19
44.27	2.18
44.29	2.17
44.32	2.21
44.34	2.21
44.37	2.19
44.39	2.22
44.41	2.23
44.44	2.21
44.46	2.23
44.49	2.25
44.51	2.23
44.54	2.23
44.56	2.26
44.59	2.26
44.61	2.24
44.63	2.28
44.66	2.28
44.68	2.26
44.71	2.29
44.73	2.31
44.76	2.28
44.78	2.29
44.81	2.32
44.83	2.31
44.85	2.30
44.88	2.33
44.90	2.34
44.93	2.32
44.95	2.34
44.98	2.36
45.00	2.34
45.03	2.35
45.05	2.38
45.07	2.36
45.10	2.37
45.12	2.40
45.15	2.39
45.17	2.38
45.20	2.41
45.22	2.42
45.25	2.39
45.27	2.41
45.29	2.43
45.32	2.41
45.34	2.42
45.37	2.45
45.39	2.44
45.42	2.43
45.44	2.46
45.47	2.46
45.49	2.44
45.51	2.47
45.54	2.48
45.56	2.46
45.59	2.47
45.61	2.50
45.64	2.48
45.66	2.48
45.68	2.51
45.71	2.50
45.73	2.49
45.76	2.51
45.78	2.52
45.81	2.50
45.83	2.52
45.86	2.54
45.88	2.52
45.90	2.52
45.93	2.56
45.95	2.54
45.98	2.53
46.00	2.56
46.03	2.56
46.05	2.54
46.08	2.57
46.10	2.58
46.12	2.56
46.15	2.57
46.17	2.60
46.20	2.58
46.22	2.58
46.25	2.61
46.27	2.60
46.30	2.59
46.32	2.63
46.34	2.63
46.37	2.61
46.39	2.63
46.42	2.65
46.44	2.62
46.47	2.62
46.49	2.65
46.52	2.64
46.54	2.63
46.56	2.67
46.59	2.66
46.61	2.64
46.64	2.67
46.66	2.68
46.69	2.66
46.71	2.67
46.73	2.70
46.76	2.68
46.78	2.67
46.81	2.71
46.83	2.70
46.86	2.69
46.88	2.71
46.91	2.72
46.93	2.70
46.95	2.71
46.98	2.73
47.00	2.70
47.03	2.71
47.05	2.74
47.08	2.73
47.10	2.71
47.13	2.75
47.15	2.75
47.17	2.72
47.20	2.74
47.22	2.76
47.25	2.73
47.27	2.74
47.30	2.77
47.32	2.75
47.35	2.75
47.37	2.78
47.39	2.77
47.42	2.75
47.44	2.78
47.47	2.79
47.49	2.77
47.52	2.78
47.54	2.81
47.57	2.78
47.59	2.79
47.61	2.81
47.64	2.80
47.66	2.79
47.69	2.82
47.71	2.82
47.74	2.80
47.76	2.82
47.78	2.83
47.81	2.81
47.83	2.82
47.86	2.86
47.88	2.83
47.91	2.82
47.93	2.86
47.96	2.85
47.98	2.83
48.00	2.86
48.03	2.87
48.05	2.85
48.08	2.86
48.10	2.88
48.13	2.86
48.15	2.86
48.18	2.89
48.20	2.87
48.22	2.86
48.25	2.90
48.27	2.90
48.30	2.87
48.32	2.90
48.35	2.91
48.37	2.88
48.40	2.89
48.42	2.91
48.44	2.90
48.47	2.89
48.49	2.92
48.52	2.91
48.54	2.89
48.57	2.92
48.59	2.93
48.62	2.90
48.64	2.92
48.66	2.93
48.69	2.90
48.71	2.90
48.74	2.93
48.76	2.92
48.79	2.91
48.81	2.93
48.84	2.93
48.86	2.90
48.88	2.92
48.91	2.93
48.93	2.90
48.96	2.91
48.98	2.94
49.01	2.91
49.03	2.90
49.05	2.93
49.08	2.92
49.10	2.89
49.13	2.91
49.15	2.92
49.18	2.89
49.20	2.90
49.23	2.91
49.25	2.88
49.27	2.88
49.30	2.90
49.32	2.88
49.35	2.86
49.37	2.89
49.40	2.88
49.42	2.85
49.45	2.86
49.47	2.87
49.49	2.84
49.52	2.84
49.54	2.86
49.57	2.83
49.59	2.82
49.62	2.84
49.64	2.81
49.67	2.79
49.69	2.81
49.71	2.81
49.74	2.77
49.76	2.78
49.79	2.80
49.81	2.76
49.84	2.75
49.86	2.77
49.89	2.74
49.91	2.73
49.93	2.74
49.96	2.73
49.98	2.70
50.01	2.71
50.03	2.71
50.06	2.68
50.08	2.68
50.10	2.69
50.13	2.66
50.15	2.64
50.18	2.66
50.20	2.65
50.23	2.62
50.25	2.64
50.28	2.63
50.30	2.60
50.32	2.60
50.35	2.60
50.37	2.57
50.40	2.56
50.42	2.58
50.45	2.55
50.47	2.53
50.50	2.55
50.52	2.54
50.54	2.50
50.57	2.51
50.59	2.51
50.62	2.48
50.64	2.47
50.67	2.49
50.69	2.47
50.72	2.45
50.74	2.46
50.76	2.44
50.79	2.41
50.81	2.42
50.84	2.41
50.86	2.38
50.89	2.38
50.91	2.39
50.94	2.35
50.96	2.34
50.98	2.36
51.01	2.34
51.03	2.31
51.06	2.32
51.08	2.31
51.11	2.28
51.13	2.28
51.15	2.29
51.18	2.25
51.20	2.25
51.23	2.26
51.25	2.23
51.28	2.21
51.30	2.22
51.33	2.20
51.35	2.16
51.37	2.18
51.40	2.18
51.42	2.14
51.45	2.14
51.47	2.15
51.50	2.11
51.52	2.09
51.55	2.11
51.57	2.08
51.59	2.05
51.62	2.06
51.64	2.05
51.67	2.02
51.69	2.02
51.72	2.03
51.74	1.99
51.77	1.98
51.79	1.99
51.81	1.96
51.84	1.94
51.86	1.95
51.89	1.93
51.91	1.90
51.94	1.91
51.96	1.90
51.99	1.86
52.01	1.87
52.03	1.87
52.06	1.83
52.08	1.81
52.11	1.84
52.13	1.81
52.16	1.79
52.18	1.81
52.20	1.79
52.23	1.76
52.25	1.76
52.28	1.76
52.30	1.73
52.33	1.72
52.35	1.74
52.38	1.70
52.40	1.68
52.42	1.70
52.45	1.68
52.47	1.65
52.50	1.66
52.52	1.66
52.55	1.62
52.57	1.62
52.60	1.63
52.62	1.60
52.64	1.58
52.67	1.60
52.69	1.58
52.72	1.55
52.74	1.57
52.77	1.55
52.79	1.51
52.82	1.52
52.84	1.52
52.86	1.48
52.89	1.47
52.91	1.49
52.94	1.46
52.96	1.44
52.99	1.46
53.01	1.44
53.04	1.41
53.06	1.42
53.08	1.42
53.11	1.38
53.13	1.39
53.16	1.40
53.18	1.36
53.21	1.35
53.23	1.36
53.26	1.34
53.28	1.31
53.30	1.33
53.33	1.33
53.35	1.29
53.38	1.30
53.40	1.30
53.43	1.27
53.45	1.26
53.47	1.28
53.50	1.25
53.52	1.23
53.55	1.25
53.57	1.23
53.60	1.20
53.62	1.21
53.65	1.21
53.67	1.17
53.69	1.17
53.72	1.18
53.74	1.15
53.77	1.14
53.79	1.15
53.82	1.13
53.84	1.11
53.87	1.12
53.89	1.11
53.91	1.07
53.94	1.11
53.96	1.08
53.99	1.03
54.01	1.06
54.04	1.06
54.06	1.01
54.09	1.02
54.11	1.04
54.13	0.99
54.16	0.98
54.18	1.01
54.21	0.98
54.23	0.94
54.26	0.98
54.28	0.96
54.31	0.91
54.33	0.93
54.35	0.95
54.38	0.89
54.40	0.90
54.43	0.92
54.45	0.88
54.48	0.85
54.50	0.89
54.52	0.87
54.55	0.83
54.57	0.86
54.60	0.83
54.62	0.81
54.65	0.84
54.67	0.82
54.70	0.78
54.72	0.80
54.74	0.80
54.77	0.77
54.79	0.77
54.82	0.79
54.84	0.77
54.87	0.75
54.89	0.77
54.92	0.76
54.94	0.73
54.96	0.76
54.99	0.75
55.01	0.72
55.04	0.74
55.06	0.75
55.09	0.72
55.11	0.72
55.14	0.74
55.16	0.72
55.18	0.71
55.21	0.73
55.23	0.73
55.26	0.71
55.28	0.72
55.31	0.74
55.33	0.71
55.36	0.73
55.38	0.75
55.40	0.72
55.43	0.72
55.45	0.75
55.48	0.74
55.50	0.72
55.53	0.75
55.55	0.76
55.57	0.74
55.60	0.75
55.62	0.77
55.65	0.75
55.67	0.75
55.70	0.78
55.72	0.77
55.75	0.76
55.77	0.79
55.79	0.79
55.82	0.77
55.84	0.79
55.87	0.81
55.89	0.79
55.92	0.79
55.94	0.82
55.97	0.80
55.99	0.80
56.01	0.83
56.04	0.82
56.06	0.81
56.09	0.84
56.11	0.85
56.14	0.82
56.16	0.84
56.19	0.87
56.21	0.84
56.23	0.84
56.26	0.88
56.28	0.86
56.31	0.85
56.33	0.89
56.36	0.88
56.38	0.86
56.41	0.88
56.43	0.90
56.45	0.88
56.48	0.89
56.50	0.92
56.53	0.89
56.55	0.89
56.58	0.93
56.60	0.92
56.62	0.90
56.65	0.93
56.67	0.94
56.70	0.91
56.72	0.93
56.75	0.95
56.77	0.93
56.80	0.93
56.82	0.96
56.84	0.95
56.87	0.94
56.89	0.97
56.92	0.97
56.94	0.95
56.97	0.98
56.99	1.00
57.02	0.97
57.04	0.99
57.06	1.02
57.09	1.00
57.11	0.99
57.14	1.03
57.16	1.03
57.19	1.01
57.21	1.04
57.24	1.05
57.26	1.03
57.28	1.06
57.31	1.08
57.33	1.06
57.36	1.07
57.38	1.10
57.41	1.10
57.43	1.09
57.46	1.13
57.48	1.14
57.50	1.11
57.53	1.14
57.55	1.16
57.58	1.14
57.60	1.16
57.63	1.19
57.65	1.17
57.68	1.18
57.70	1.22
57.72	1.22
57.75	1.20
57.77	1.24
57.80	1.26
57.82	1.24
57.85	1.26
57.87	1.29
57.89	1.27
57.92	1.28
57.94	1.31
57.97	1.30
57.99	1.30
58.02	1.34
58.04	1.35
58.07	1.32
58.09	1.35
58.11	1.37
58.14	1.35
58.16	1.37
58.19	1.41
58.21	1.40
58.24	1.39
58.26	1.44
58.29	1.44
58.31	1.42
58.33	1.45
58.36	1.46
58.38	1.45
58.41	1.47
58.43	1.50
58.46	1.48
58.48	1.48
58.51	1.53
58.53	1.51
58.55	1.50
58.58	1.55
58.60	1.55
58.63	1.53
58.65	1.56
58.68	1.58
58.70	1.56
58.73	1.58
58.75	1.62
58.77	1.60
58.80	1.60
58.82	1.64
58.85	1.64
58.87	1.62
58.90	1.67
58.92	1.68
58.94	1.66
58.97	1.68
58.99	1.71
59.02	1.70
59.04	1.70
59.07	1.73
59.09	1.73
59.12	1.72
59.14	1.76
59.16	1.77
59.19	1.75
59.21	1.79
59.24	1.81
59.26	1.79
59.29	1.81
59.31	1.84
59.34	1.83
59.36	1.83
59.38	1.87
59.41	1.88
59.43	1.86
59.46	1.90
59.48	1.91
59.51	1.89
59.53	1.92
59.56	1.94
59.58	1.92
59.60	1.93
59.63	1.98
59.65	1.97
59.68	1.96
59.70	2.00
59.73	2.02
59.75	1.99
59.78	2.02
59.80	2.04
59.82	2.02
59.85	2.04
59.87	2.08
59.90	2.06
59.92	2.06
59.95	2.10
59.97	2.10
59.99	2.08
60.02	2.13
60.04	2.14
60.07	2.12
60.09	2.14
60.12	2.18
60.14	2.16
60.17	2.16
60.19	2.20
60.21	2.19
60.24	2.19
60.26	2.22
60.29	2.23
60.31	2.21
60.34	2.24
60.36	2.26
60.39	2.24
60.41	2.26
60.43	2.30
60.46	2.28
60.48	2.28
60.51	2.32
60.53	2.33
60.56	2.31
60.58	2.35
60.61	2.36
60.63	2.34
60.65	2.37
60.68	2.40
60.70	2.38
60.73	2.38
60.75	2.42
60.78	2.41
60.80	2.41
60.83	2.45
60.85	2.46
60.87	2.44
60.90	2.47
60.92	2.49
60.95	2.48
60.97	2.49
61.00	2.53
61.02	2.51
61.05	2.51
61.07	2.55
61.09	2.55
61.12	2.53
61.14	2.58
61.17	2.59
61.19	2.57
61.22	2.59
61.24	2.63
61.26	2.61
61.29	2.61
61.31	2.65
61.34	2.65
61.36	2.65
61.39	2.69
61.41	2.69
61.44	2.67
61.46	2.70
61.48	2.72
61.51	2.70
61.53	2.71
61.56	2.75
61.58	2.74
61.61	2.73
61.63	2.77
61.66	2.78
61.68	2.75
61.70	2.79
61.73	2.81
61.75	2.79
61.78	2.81
61.80	2.84
61.83	2.82
61.85	2.83
61.88	2.87
61.90	2.86
61.92	2.85
61.95	2.89
61.97	2.90
62.00	2.88
62.02	2.90
62.05	2.93
62.07	2.91
62.10	2.93
62.12	2.97
62.14	2.95
62.17	2.95
62.19	2.99
62.22	2.98
62.24	2.96
62.27	3.00
62.29	3.02
62.31	3.00
62.34	3.02
62.36	3.06
62.39	3.04
62.41	3.04
62.44	3.08
62.46	3.08
62.49	3.07
62.51	3.11
62.53	3.11
62.56	3.10
62.58	3.12
62.61	3.14
62.63	3.13
62.66	3.13
62.68	3.17
62.71	3.16
62.73	3.15
62.75	3.19
62.78	3.19
62.80	3.17
62.83	3.21
62.85	3.23
62.88	3.21
62.90	3.23
62.93	3.26
62.95	3.24
62.97	3.25
63.00	3.29
63.02	3.28
63.05	3.26
63.07	3.31
63.10	3.32
63.12	3.29
63.15	3.32
63.17	3.34
63.19	3.32
63.22	3.33
63.24	3.37
63.27	3.36
63.29	3.35
63.32	3.39
63.34	3.39
63.36	3.37
63.39	3.41
63.41	3.42
63.44	3.39
63.46	3.42
63.49	3.45
63.51	3.43
63.54	3.43
63.56	3.47
63.58	3.47
63.61	3.45
63.63	3.49
63.66	3.50
63.68	3.48
63.71	3.51
63.73	3.53
63.76	3.51
63.78	3.52
63.80	3.56
63.83	3.54
63.85	3.54
63.88	3.58
63.90	3.58
63.93	3.55
63.95	3.58
63.98	3.61
64.00	3.58
64.02	3.60
64.05	3.64
64.07	3.61
64.10	3.62
64.12	3.66
64.15	3.65
64.17	3.63
64.20	3.67
64.22	3.68
64.24	3.66
64.27	3.68
64.29	3.71
64.32	3.69
64.34	3.69
64.37	3.73
64.39	3.72
64.41	3.72
64.44	3.75
64.46	3.75
64.49	3.74
64.51	3.77
64.54	3.78
64.56	3.76
64.59	3.78
64.61	3.82
64.63	3.79
64.66	3.78
64.68	3.82
64.71	3.82
64.73	3.80
64.76	3.84
64.78	3.85
64.81	3.83
64.83	3.85
64.85	3.87
64.88	3.85
64.90	3.85
64.93	3.89
64.95	3.88
64.98	3.87
65.00	3.91
65.03	3.90
65.05	3.88
65.07	3.91
65.10	3.93
65.12	3.90
65.15	3.91
65.17	3.95
65.20	3.93
65.22	3.93
65.25	3.96
65.27	3.95
65.29	3.94
65.32	3.96
65.34	3.97
65.37	3.94
65.39	3.96
65.42	3.98
65.44	3.96
65.47	3.96
65.49	4.00
65.51	3.99
65.54	3.97
65.56	4.01
65.59	4.01
65.61	3.98
65.64	4.00
65.66	4.02
65.68	4.00
65.71	4.01
65.73	4.04
65.76	4.02
65.78	4.01
65.81	4.04
65.83	4.03
65.86	4.01
65.88	4.04
65.90	4.05
65.93	4.02
65.95	4.03
65.98	4.07
66.00	4.04
66.03	4.05
66.05	4.07
66.08	4.06
66.10	4.04
66.12	4.07
66.15	4.07
66.17	4.04
66.20	4.07
66.22	4.08
66.25	4.05
66.27	4.06
66.30	4.09
66.32	4.06
66.34	4.05
66.37	4.08
66.39	4.06
66.42	4.04
66.44	4.07
66.47	4.07
66.49	4.04
66.52	4.06
66.54	4.08
66.56	4.05
66.59	4.04
66.61	4.07
66.64	4.05
66.66	4.03
66.69	4.06
66.71	4.06
66.73	4.03
66.76	4.04
66.78	4.05
66.81	4.02
66.83	4.03
66.86	4.06
66.88	4.03
66.91	4.01
66.93	4.05
66.95	4.03
66.98	4.00
67.00	4.03
67.03	4.03
67.05	4.00
67.08	4.01
67.10	4.03
67.13	4.00
67.15	3.99
67.17	4.02
67.20	4.00
67.22	3.98
67.25	4.01
67.27	4.00
67.30	3.96
67.32	3.98
67.35	3.99
67.37	3.96
67.39	3.96
67.42	3.99
67.44	3.96
67.47	3.95
67.49	3.97
67.52	3.95
67.54	3.93
67.57	3.95
67.59	3.95
67.61	3.92
67.64	3.94
67.66	3.95
67.69	3.92
67.71	3.91
67.74	3.93
67.76	3.91
67.78	3.88
67.81	3.90
67.83	3.90
67.86	3.86
67.88	3.88
67.91	3.88
67.93	3.85
67.96	3.85
67.98	3.88
68.00	3.84
68.03	3.82
68.05	3.85
68.08	3.83
68.10	3.80
68.13	3.82
68.15	3.83
68.18	3.79
68.20	3.79
68.22	3.81
68.25	3.77
68.27	3.76
68.30	3.78
68.32	3.75
68.35	3.73
68.37	3.75
68.40	3.74
68.42	3.71
68.44	3.72
68.47	3.73
68.49	3.69
68.52	3.68
68.54	3.71
68.57	3.67
68.59	3.65
68.62	3.68
68.64	3.66
68.66	3.63
68.69	3.65
68.71	3.64
68.74	3.61
68.76	3.61
68.79	3.63
68.81	3.59
68.83	3.58
68.86	3.60
68.88	3.58
68.91	3.55
68.93	3.58
68.96	3.57
68.98	3.53
69.01	3.54
69.03	3.54
69.05	3.51
69.08	3.50
69.10	3.52
69.13	3.49
69.15	3.47
69.18	3.50
69.20	3.48
69.23	3.44
69.25	3.46
69.27	3.46
69.30	3.43
69.32	3.43
69.35	3.44
69.37	3.41
69.40	3.39
69.42	3.41
69.45	3.39
69.47	3.36
69.49	3.38
69.52	3.37
69.54	3.33
69.57	3.35
69.59	3.35
69.62	3.31
69.64	3.31
69.67	3.33
69.69	3.30
69.71	3.27
69.74	3.29
69.76	3.28
69.79	3.24
69.81	3.26
69.84	3.26
69.86	3.22
69.89	3.22
69.91	3.23
69.93	3.19
69.96	3.18
69.98	3.20
70.01	3.18
70.03	3.15
70.06	3.17
70.08	3.17
70.10	3.13
70.13	3.14
70.15	3.14
70.18	3.10
70.20	3.10
70.23	3.12
70.25	3.08
70.28	3.06
70.30	3.08
70.32	3.06
70.35	3.03
70.37	3.04
70.40	3.05
70.42	3.01
70.45	3.00
70.47	3.02
70.50	2.98
70.52	2.96
70.54	2.99
70.57	2.96
70.59	2.93
70.62	2.96
70.64	2.94
70.67	2.91
70.69	2.91
70.72	2.92
70.74	2.87
70.76	2.86
70.79	2.89
70.81	2.86
70.84	2.83
70.86	2.85
70.89	2.84
70.91	2.80
70.94	2.81
70.96	2.81
70.98	2.77
71.01	2.77
71.03	2.78
71.06	2.75
71.08	2.73
71.11	2.75
71.13	2.73
71.15	2.69
71.18	2.72
71.20	2.71
71.23	2.67
71.25	2.67
71.28	2.68
71.30	2.64
71.33	2.63
71.35	2.65
71.37	2.62
71.40	2.60
71.42	2.62
71.45	2.60
71.47	2.56
71.50	2.58
71.52	2.59
71.55	2.55
71.57	2.55
71.59	2.57
71.62	2.54
71.64	2.51
71.67	2.54
71.69	2.52
71.72	2.49
71.74	2.51
71.77	2.50
71.79	2.47
71.81	2.48
71.84	2.49
71.86	2.46
71.89	2.45
71.91	2.48
71.94	2.45
71.96	2.43
71.99	2.46
72.01	2.45
72.03	2.42
72.06	2.44
72.08	2.45
72.11	2.41
72.13	2.42
72.16	2.44
72.18	2.40
72.20	2.39
72.23	2.42
72.25	2.40
72.28	2.38
72.30	2.41
72.33	2.41
72.35	2.38
72.38	2.39
72.40	2.41
72.42	2.38
72.45	2.37
72.47	2.40
72.50	2.38
72.52	2.36
72.55	2.39
72.57	2.38
72.60	2.35
72.62	2.36
72.64	2.38
72.67	2.34
72.69	2.34
72.72	2.37
72.74	2.34
72.77	2.33
72.79	2.36
72.82	2.34
72.84	2.32
72.86	2.34
72.89	2.34
72.91	2.31
72.94	2.32
72.96	2.33
72.99	2.30
73.01	2.29
73.04	2.32
73.06	2.29
73.08	2.27
73.11	2.30
73.13	2.29
73.16	2.26
73.18	2.28
73.21	2.29
73.23	2.25
73.25	2.26
73.28	2.28
73.30	2.25
73.33	2.24
73.35	2.27
73.38	2.25
73.40	2.21
73.43	2.25
73.45	2.25
73.47	2.22
73.50	2.23
73.52	2.25
73.55	2.22
73.57	2.21
73.60	2.24
73.62	2.22
73.65	2.20
73.67	2.23
73.69	2.23
73.72	2.20
73.74	2.22
73.77	2.23
73.79	2.20
73.82	2.21
73.84	2.24
73.87	2.21
73.89	2.20
73.91	2.23
73.94	2.22
73.96	2.20
73.99	2.23
74.01	2.24
74.04	2.21
74.06	2.23
74.09	2.25
74.11	2.22
74.13	2.22
74.16	2.25
74.18	2.24
74.21	2.20
74.23	2.23
74.26	2.24
74.28	2.21
74.31	2.23
74.33	2.25
74.35	2.23
74.38	2.23
74.40	2.27
74.43	2.25
74.45	2.25
74.48	2.28
74.50	2.27
74.52	2.25
74.55	2.28
74.57	2.29
74.60	2.26
74.62	2.28
74.65	2.30
74.67	2.28
74.70	2.27
74.72	2.31
74.74	2.30
74.77	2.29
74.79	2.32
74.82	2.32
74.84	2.29
74.87	2.33
74.89	2.35
74.92	2.33
74.94	2.34
74.96	2.37
74.99	2.35
75.01	2.34
75.04	2.38
75.06	2.37
75.09	2.35
75.11	2.37
75.14	2.38
75.16	2.36
75.18	2.38
75.21	2.40
75.23	2.38
75.26	2.38
75.28	2.42
75.31	2.40
75.33	2.38
75.36	2.42
75.38	2.42
75.40	2.40
75.43	2.42
75.45	2.44
75.48	2.42
75.50	2.43
75.53	2.46
75.55	2.44
75.57	2.44
75.60	2.47
75.62	2.47
75.65	2.44
75.67	2.48
75.70	2.50
75.72	2.47
75.75	2.49
75.77	2.52
75.79	2.50
75.82	2.49
75.84	2.53
75.87	2.52
75.89	2.51
75.92	2.55
75.94	2.56
75.97	2.53
75.99	2.56
76.01	2.58
76.04	2.56
76.06	2.57
76.09	2.61
76.11	2.59
76.14	2.59
76.16	2.63
76.19	2.63
76.21	2.61
76.23	2.64
76.26	2.66
76.28	2.64
76.31	2.66
76.33	2.69
76.36	2.67
76.38	2.67
76.41	2.71
76.43	2.71
76.45	2.69
76.48	2.73
76.50	2.74
76.53	2.72
76.55	2.74
76.58	2.76
76.60	2.74
76.62	2.75
76.65	2.79
76.67	2.77
76.70	2.77
76.72	2.81
76.75	2.81
76.77	2.79
76.80	2.80
76.82	2.82
76.84	2.80
76.87	2.81
76.89	2.85
76.92	2.83
76.94	2.83
76.97	2.87
76.99	2.86
77.02	2.85
77.04	2.89
77.06	2.90
77.09	2.88
77.11	2.90
77.14	2.93
77.16	2.91
77.19	2.92
77.21	2.96
77.24	2.95
77.26	2.94
77.28	2.98
77.31	2.98
77.33	2.96
77.36	3.00
77.38	3.02
77.41	3.00
77.43	3.01
77.46	3.07
77.48	3.05
77.50	3.05
77.53	3.10
77.55	3.10
77.58	3.08
77.60	3.13
77.63	3.14
77.65	3.12
77.68	3.15
77.70	3.18
77.72	3.16
77.75	3.16
77.77	3.20
77.80	3.19
77.82	3.19
77.85	3.23
77.87	3.23
77.89	3.21
77.92	3.25
77.94	3.27
77.97	3.25
77.99	3.27
78.02	3.31
78.04	3.29
78.07	3.29
78.09	3.34
78.11	3.33
78.14	3.32
78.16	3.36
78.19	3.37
78.21	3.35
78.24	3.38
78.26	3.40
78.29	3.38
78.31	3.39
78.33	3.43
78.36	3.42
78.38	3.42
78.41	3.46
78.43	3.47
78.46	3.45
78.48	3.47
78.51	3.50
78.53	3.48
78.55	3.50
78.58	3.54
78.60	3.52
78.63	3.53
78.65	3.57
78.68	3.56
78.70	3.56
78.73	3.60
78.75	3.61
78.77	3.60
78.80	3.63
78.82	3.66
78.85	3.64
78.87	3.65
78.90	3.69
78.92	3.68
78.94	3.68
78.97	3.72
78.99	3.72
79.02	3.70
79.04	3.74
79.07	3.76
79.09	3.74
79.12	3.77
79.14	3.81
79.16	3.80
79.19	3.79
79.21	3.84
79.24	3.84
79.26	3.83
79.29	3.87
79.31	3.88
79.34	3.87
79.36	3.89
79.38	3.92
79.41	3.90
79.43	3.91
79.46	3.95
79.48	3.94
79.51	3.94
79.53	3.99
79.56	4.00
79.58	3.98
79.60	4.01
79.63	4.04
79.65	4.02
79.68	4.04
79.70	4.07
79.73	4.06
79.75	4.06
79.78	4.11
79.80	4.11
79.82	4.10
79.85	4.14
79.87	4.16
79.90	4.14
79.92	4.17
79.95	4.21
79.97	4.19
79.99	4.20
80.02	4.24
80.04	4.24
80.07	4.24
80.09	4.28
80.12	4.29
80.14	4.27
80.17	4.30
80.19	4.33
80.21	4.31
80.24	4.33
80.26	4.37
80.29	4.36
80.31	4.36
80.34	4.41
80.36	4.41
80.39	4.40
80.41	4.44
80.43	4.46
80.46	4.44
80.48	4.47
80.51	4.50
80.53	4.48
80.56	4.49
80.58	4.53
80.61	4.52
80.63	4.52
80.65	4.56
80.68	4.57
80.70	4.55
80.73	4.59
80.75	4.62
80.78	4.60
80.80	4.62
80.83	4.66
80.85	4.65
80.87	4.65
80.90	4.69
80.92	4.69
80.95	4.68
80.97	4.72
81.00	4.74
81.02	4.71
81.04	4.77
81.07	4.77
81.09	4.74
81.12	4.79
81.14	4.82
81.17	4.78
81.19	4.82
81.22	4.87
81.24	4.84
81.26	4.84
81.29	4.91
81.31	4.89
81.34	4.87
81.36	4.93
81.39	4.95
81.41	4.91
81.44	4.95
81.46	5.00
81.48	4.96
81.51	4.97
81.53	5.04
81.56	5.02
81.58	5.01
81.61	5.07
81.63	5.07
81.66	5.03
81.68	5.09
81.70	5.09
81.73	5.08
81.75	5.13
81.78	5.14
81.80	5.12
81.83	5.15
81.85	5.18
81.88	5.16
81.90	5.18
81.92	5.22
81.95	5.21
81.97	5.21
82.00	5.25
82.02	5.25
82.05	5.24
82.07	5.28
82.10	5.29
82.12	5.25
82.14	5.28
82.17	5.31
82.19	5.29
82.22	5.29
82.24	5.34
82.27	5.34
82.29	5.33
82.31	5.37
82.34	5.38
82.36	5.36
82.39	5.39
82.41	5.41
82.44	5.39
82.46	5.40
82.49	5.45
82.51	5.43
82.53	5.43
82.56	5.47
82.58	5.48
82.61	5.45
82.63	5.49
82.66	5.51
82.68	5.49
82.71	5.51
82.73	5.54
82.75	5.52
82.78	5.55
82.80	5.58
82.83	5.57
82.85	5.57
82.88	5.61
82.90	5.62
82.93	5.59
82.95	5.62
82.97	5.65
83.00	5.63
83.02	5.64
83.05	5.68
83.07	5.66
83.10	5.66
83.12	5.70
83.15	5.70
83.17	5.68
83.19	5.72
83.22	5.73
83.24	5.70
83.27	5.73
83.29	5.76
83.32	5.74
83.34	5.73
83.36	5.78
83.39	5.77
83.41	5.74
83.44	5.77
83.46	5.78
83.49	5.77
83.51	5.79
83.54	5.81
83.56	5.79
83.58	5.79
83.61	5.83
83.63	5.82
83.66	5.81
83.68	5.85
83.71	5.85
83.73	5.82
83.76	5.86
83.78	5.88
83.80	5.85
83.83	5.87
83.85	5.89
83.88	5.87
83.90	5.88
83.93	5.91
83.95	5.90
83.98	5.89
84.00	5.93
84.02	5.93
84.05	5.90
84.07	5.94
84.10	5.97
84.12	5.94
84.15	5.95
84.17	5.99
84.20	5.97
84.22	5.96
84.24	5.99
84.27	5.99
84.29	5.97
84.32	6.00
84.34	6.01
84.37	5.98
84.39	6.01
84.41	6.03
84.44	6.00
84.46	6.00
84.49	6.04
84.51	6.03
84.54	6.01
84.56	6.04
84.59	6.05
84.61	6.02
84.63	6.05
84.66	6.07
84.68	6.04
84.71	6.04
84.73	6.08
84.76	6.05
84.78	6.05
84.81	6.08
84.83	6.07
84.85	6.05
84.88	6.07
84.90	6.09
84.93	6.06
84.95	6.07
84.98	6.10
85.00	6.07
85.03	6.07
85.05	6.10
85.07	6.09
85.10	6.07
85.12	6.10
85.15	6.11
85.17	6.08
85.20	6.10
85.22	6.12
85.25	6.08
85.27	6.08
85.29	6.12
85.32	6.09
85.34	6.08
85.37	6.12
85.39	6.11
85.42	6.08
85.44	6.11
85.47	6.12
85.49	6.09
85.51	6.10
85.54	6.12
85.56	6.09
85.59	6.09
85.61	6.12
85.64	6.11
85.66	6.08
85.68	6.12
85.71	6.12
85.73	6.09
85.76	6.10
85.78	6.12
85.81	6.10
85.83	6.09
85.86	6.13
85.88	6.10
85.90	6.09
85.93	6.12
85.95	6.11
85.98	6.08
86.00	6.10
86.03	6.11
86.05	6.08
86.08	6.09
86.10	6.11
86.12	6.08
86.15	6.08
86.17	6.10
86.20	6.09
86.22	6.07
86.25	6.09
86.27	6.09
86.30	6.06
86.32	6.08
86.34	6.10
86.37	6.06
86.39	6.06
86.42	6.09
86.44	6.06
86.47	6.04
86.49	6.07
86.52	6.06
86.54	6.03
86.56	6.05
86.59	6.06
86.61	6.03
86.64	6.04
86.66	6.06
86.69	6.03
86.71	6.02
86.73	6.05
86.76	6.03
86.78	6.00
86.81	6.03
86.83	6.03
86.86	6.00
86.88	6.01
86.91	6.02
86.93	5.99
86.95	5.99
86.98	6.01
87.00	5.98
87.03	5.97
87.05	5.99
87.08	5.98
87.10	5.95
87.13	5.97
87.15	5.98
87.17	5.94
87.20	5.94
87.22	5.96
87.25	5.93
87.27	5.91
87.30	5.94
87.32	5.92
87.35	5.90
87.37	5.92
87.39	5.92
87.42	5.88
87.44	5.90
87.47	5.91
87.49	5.87
87.52	5.87
87.54	5.90
87.57	5.87
87.59	5.85
87.61	5.87
87.64	5.87
87.66	5.83
87.69	5.84
87.71	5.85
87.74	5.82
87.76	5.82
87.78	5.84
87.81	5.81
87.83	5.79
87.86	5.83
87.88	5.80
87.91	5.77
87.93	5.80
87.96	5.80
87.98	5.76
88.00	5.77
88.03	5.78
88.05	5.74
88.08	5.74
88.10	5.76
88.13	5.74
88.15	5.72
88.18	5.74
88.20	5.73
88.22	5.69
88.25	5.71
88.27	5.72
88.30	5.68
88.32	5.69
88.35	5.71
88.37	5.68
88.40	5.66
88.42	5.66
88.44	5.65
88.47	5.62
88.49	5.65
88.52	5.65
88.54	5.61
88.57	5.62
88.59	5.64
88.62	5.60
88.64	5.60
88.66	5.62
88.69	5.60
88.71	5.58
88.74	5.61
88.76	5.61
88.79	5.57
88.81	5.59
88.83	5.60
88.86	5.56
88.88	5.57
88.91	5.59
88.93	5.56
88.96	5.55
88.98	5.58
89.01	5.56
89.03	5.53
89.05	5.56
89.08	5.58
89.10	5.54
89.13	5.55
89.15	5.57
89.18	5.53
89.20	5.53
89.23	5.55
89.25	5.53
89.27	5.51
89.30	5.54
89.32	5.53
89.35	5.49
89.37	5.51
89.40	5.52
89.42	5.48
89.45	5.48
89.47	5.51
89.49	5.48
89.52	5.46
89.54	5.49
89.57	5.47
89.59	5.44
89.62	5.47
89.64	5.46
89.67	5.43
89.69	5.44
89.71	5.45
89.74	5.41
89.76	5.40
89.79	5.43
89.81	5.40
89.84	5.38
89.86	5.40
89.89	5.40
89.91	5.36
89.93	5.38
89.96	5.39
89.98	5.35
90.01	5.35
90.03	5.37
90.06	5.34
90.08	5.33
90.10	5.35
90.13	5.33
90.15	5.30
90.18	5.33
90.20	5.33
90.23	5.29
90.25	5.31
90.28	5.32
90.30	5.29
90.32	5.28
90.35	5.30
90.37	5.28
90.40	5.26
90.42	5.29
90.45	5.28
90.47	5.25
90.50	5.27
90.52	5.28
90.54	5.24
90.57	5.25
90.59	5.28
90.62	5.25
90.64	5.23
90.67	5.26
90.69	5.25
90.72	5.23
90.74	5.26
90.76	5.26
90.79	5.23
90.81	5.24
90.84	5.26
90.86	5.23
90.89	5.22
90.91	5.25
90.94	5.23
90.96	5.22
90.98	5.25
91.01	5.25
91.03	5.21
91.06	5.23
91.08	5.25
91.11	5.21
91.13	5.22
91.15	5.25
91.18	5.22
91.20	5.21
91.23	5.24
91.25	5.23
91.28	5.20
91.30	5.23
91.33	5.23
91.35	5.20
91.37	5.21
91.40	5.23
91.42	5.20
91.45	5.20
91.47	5.23
91.50	5.20
91.52	5.19
91.55	5.22
91.57	5.20
91.59	5.17
91.62	5.19
91.64	5.20
91.67	5.17
91.69	5.18
91.72	5.21
91.74	5.18
91.77	5.17
91.79	5.20
91.81	5.18
91.84	5.16
91.86	5.19
91.89	5.19
91.91	5.17
91.94	5.18
91.96	5.20
91.99	5.16
92.01	5.16
92.03	5.19
92.06	5.17
92.08	5.15
92.11	5.18
92.13	5.18
92.16	5.14
92.18	5.17
92.20	5.18
92.23	5.16
92.25	5.16
92.28	5.19
92.30	5.16
92.33	5.15
92.35	5.19
92.38	5.17
92.40	5.15
92.42	5.18
92.45	5.19
92.47	5.16
92.50	5.18
92.52	5.20
92.55	5.17
92.57	5.16
92.60	5.19
92.62	5.18
92.64	5.17
92.67	5.20
92.69	5.20
92.72	5.17
92.74	5.20
92.77	5.21
92.79	5.18
92.82	5.19
92.84	5.23
92.86	5.20
92.89	5.19
92.91	5.23
92.94	5.22
92.96	5.20
92.99	5.23
93.01	5.24
93.04	5.21
93.06	5.23
93.08	5.25
93.11	5.23
93.13	5.23
93.16	5.26
93.18	5.25
93.21	5.23
93.23	5.27
93.25	5.27
93.28	5.23
93.30	5.26
93.33	5.28
93.35	5.25
93.38	5.26
93.40	5.30
93.43	5.27
93.45	5.27
93.47	5.30
93.50	5.29
93.52	5.27
93.55	5.30
93.57	5.31
93.60	5.28
93.62	5.31
93.65	5.33
93.67	5.30
93.69	5.31
93.72	5.34
93.74	5.32
93.77	5.31
93.79	5.35
93.82	5.35
93.84	5.33
93.87	5.35
93.89	5.37
93.91	5.34
93.94	5.35
93.96	5.39
93.99	5.36
94.01	5.35
94.04	5.39
94.06	5.38
94.09	5.37
94.11	5.40
94.13	5.41
94.16	5.39
94.18	5.41
94.21	5.43
94.23	5.41
94.26	5.41
94.28	5.44
94.31	5.43
94.33	5.42
94.35	5.46
94.38	5.46
94.40	5.44
94.43	5.47
94.45	5.49
94.48	5.46
94.50	5.47
94.52	5.51
94.55	5.49
94.57	5.49
94.60	5.53
94.62	5.52
94.65	5.51
94.67	5.55
94.70	5.56
94.72	5.53
94.74	5.55
94.77	5.58
94.79	5.55
94.82	5.56
94.84	5.60
94.87	5.59
94.89	5.58
94.92	5.62
94.94	5.63
94.96	5.60
94.99	5.63
95.01	5.65
95.04	5.63
95.06	5.65
95.09	5.69
95.11	5.67
95.14	5.67
95.16	5.71
95.18	5.71
95.21	5.69
95.23	5.73
95.26	5.75
95.28	5.72
95.31	5.74
95.33	5.77
95.36	5.75
95.38	5.76
95.40	5.80
95.43	5.79
95.45	5.78
95.48	5.82
95.50	5.82
95.53	5.80
95.55	5.84
95.57	5.86
95.60	5.84
95.62	5.85
95.65	5.89
95.67	5.87
95.70	5.87
95.72	5.91
95.75	5.90
95.77	5.90
95.79	5.94
95.82	5.95
95.84	5.93
95.87	5.95
95.89	5.98
95.92	5.96
95.94	5.96
95.97	6.01
95.99	5.99
96.01	5.99
96.04	6.03
96.06	6.04
96.09	6.02
96.11	6.05
96.14	6.08
96.16	6.06
96.19	6.08
96.21	6.12
96.23	6.10
96.26	6.10
96.28	6.15
96.31	6.15
96.33	6.13
96.36	6.18
96.38	6.19
96.41	6.17
96.43	6.19
96.45	6.22
96.48	6.21
96.50	6.22
96.53	6.26
96.55	6.25
96.58	6.25
96.60	6.29
96.62	6.30
96.65	6.28
96.67	6.31
96.70	6.34
96.72	6.32
96.75	6.34
96.77	6.38
96.80	6.36
96.82	6.36
96.84	6.40
96.87	6.40
96.89	6.39
96.92	6.44
96.94	6.45
96.97	6.43
96.99	6.47
97.02	6.49
97.04	6.48
97.06	6.49
97.09	6.53
97.11	6.52
97.14	6.52
97.16	6.56
97.19	6.57
97.21	6.55
97.24	6.59
97.26	6.61
97.28	6.60
97.31	6.62
97.33	6.66
97.36	6.64
97.38	6.65
97.41	6.69
97.43	6.70
97.46	6.68
97.48	6.73
97.50	6.75
97.53	6.73
97.55	6.76
97.58	6.79
97.60	6.77
97.63	6.79
97.65	6.83
97.68	6.82
97.70	6.83
97.72	6.87
97.75	6.88
97.77	6.86
97.80	6.90
97.82	6.93
97.85	6.91
97.87	6.93
97.89	6.97
97.92	6.96
97.94	6.97
97.97	7.01
97.99	7.01
98.02	7.01
98.04	7.05
98.07	7.07
98.09	7.05
98.11	7.08
98.14	7.11
98.16	7.10
98.19	7.11
98.21	7.16
98.24	7.15
98.26	7.15
98.29	7.20
98.31	7.21
98.33	7.19
98.36	7.22
98.38	7.25
98.41	7.23
98.43	7.26
98.46	7.30
98.48	7.29
98.51	7.30
98.53	7.35
98.55	7.35
98.58	7.34
98.60	7.38
98.63	7.40
98.65	7.39
98.68	7.42
98.70	7.45
98.73	7.44
98.75	7.45
98.77	7.49
98.80	7.49
98.82	7.49
98.85	7.54
98.87	7.54
98.90	7.53
98.92	7.57
98.94	7.60
98.97	7.58
98.99	7.61
99.02	7.65
99.04	7.64
99.07	7.64
99.09	7.68
99.12	7.69
99.14	7.68
99.16	7.72
99.19	7.74
99.21	7.73
99.24	7.76
99.26	7.79
99.29	7.77
99.31	7.79
99.34	7.83
99.36	7.82
99.38	7.82
99.41	7.86
99.43	7.88
99.46	7.87
99.48	7.90
99.51	7.93
99.53	7.92
99.56	7.94
99.58	7.97
99.60	7.98
99.63	8.03
99.65	8.08
99.68	8.09
99.70	8.13
99.73	8.18
99.75	8.20
99.78	8.22
99.80	8.27
99.82	8.30
99.85	8.31
99.87	8.35
99.90	8.39
