Voltage U1	Corriente IA
U1/V	IA/nA

0.02	0.25
0.04	0.24
0.07	0.22
0.09	0.22
0.12	0.20
0.14	0.19
0.17	0.18
0.19	0.17
0.21	0.16
0.24	0.14
0.26	0.14
0.29	0.13
0.31	0.11
0.34	0.11
0.36	0.09
0.39	0.09
0.41	0.10
0.43	0.09
0.46	0.09
0.48	0.09
0.51	0.09
0.53	0.09
0.56	0.09
0.58	0.10
0.61	0.10
0.63	0.10
0.65	0.11
0.68	0.09
0.70	0.09
0.73	0.09
0.75	0.09
0.78	0.09
0.80	0.09
0.83	0.10
0.85	0.09
0.87	0.09
0.90	0.10
0.92	0.09
0.95	0.09
0.97	0.10
1.00	0.09
1.02	0.09
1.05	0.09
1.07	0.09
1.09	0.09
1.12	0.09
1.14	0.10
1.17	0.10
1.19	0.10
1.22	0.10
1.24	0.09
1.26	0.09
1.29	0.09
1.31	0.09
1.34	0.09
1.36	0.09
1.39	0.10
1.41	0.10
1.44	0.10
1.46	0.11
1.48	0.10
1.51	0.10
1.53	0.10
1.56	0.09
1.58	0.09
1.61	0.09
1.63	0.09
1.66	0.09
1.68	0.09
1.70	0.10
1.73	0.09
1.75	0.09
1.78	0.10
1.80	0.09
1.83	0.09
1.85	0.09
1.88	0.09
1.90	0.09
1.92	0.09
1.95	0.10
1.97	0.09
2.00	0.09
2.02	0.10
2.05	0.09
2.07	0.09
2.10	0.09
2.12	0.09
2.14	0.09
2.17	0.09
2.19	0.09
2.22	0.09
2.24	0.09
2.27	0.11
2.29	0.10
2.31	0.10
2.34	0.10
2.36	0.09
2.39	0.09
2.41	0.09
2.44	0.09
2.46	0.09
2.49	0.09
2.51	0.11
2.53	0.10
2.56	0.10
2.58	0.11
2.61	0.09
2.63	0.09
2.66	0.09
2.68	0.09
2.71	0.09
2.73	0.09
2.75	0.10
2.78	0.09
2.80	0.09
2.83	0.10
2.85	0.09
2.88	0.09
2.90	0.10
2.93	0.09
2.95	0.09
2.97	0.09
3.00	0.09
3.02	0.09
3.05	0.09
3.07	0.10
3.10	0.09
3.12	0.09
3.15	0.10
3.17	0.09
3.19	0.09
3.22	0.09
3.24	0.09
3.27	0.09
3.29	0.09
3.32	0.10
3.34	0.10
3.36	0.10
3.39	0.11
3.41	0.10
3.44	0.10
3.46	0.10
3.49	0.09
3.51	0.09
3.54	0.09
3.56	0.09
3.58	0.09
3.61	0.09
3.63	0.11
3.66	0.10
3.68	0.10
3.71	0.11
3.73	0.09
3.76	0.09
3.78	0.09
3.80	0.09
3.83	0.09
3.85	0.09
3.88	0.10
3.90	0.09
3.93	0.09
3.95	0.10
3.98	0.09
4.00	0.09
4.02	0.09
4.05	0.08
4.07	0.08
4.10	0.08
4.12	0.09
4.15	0.09
4.17	0.09
4.20	0.10
4.22	0.09
4.24	0.09
4.27	0.10
4.29	0.09
4.32	0.09
4.34	0.09
4.37	0.09
4.39	0.09
4.42	0.09
4.44	0.11
4.46	0.11
4.49	0.11
4.51	0.12
4.54	0.10
4.56	0.10
4.59	0.11
4.61	0.11
4.63	0.11
4.66	0.11
4.68	0.12
4.71	0.11
4.73	0.11
4.76	0.13
4.78	0.12
4.81	0.12
4.83	0.13
4.85	0.13
4.88	0.13
4.90	0.14
4.93	0.14
4.95	0.14
4.98	0.14
5.00	0.16
5.03	0.15
5.05	0.15
5.07	0.17
5.10	0.15
5.12	0.15
5.15	0.16
5.17	0.17
5.20	0.17
5.22	0.17
5.25	0.18
5.27	0.17
5.29	0.17
5.32	0.20
5.34	0.18
5.37	0.18
5.39	0.20
5.42	0.20
5.44	0.20
5.47	0.21
5.49	0.21
5.51	0.20
5.54	0.20
5.56	0.22
5.59	0.21
5.61	0.21
5.64	0.23
5.66	0.21
5.68	0.21
5.71	0.23
5.73	0.22
5.76	0.22
5.78	0.23
5.81	0.24
5.83	0.23
5.86	0.23
5.88	0.25
5.90	0.23
5.93	0.23
5.95	0.25
5.98	0.24
6.00	0.24
6.03	0.25
6.05	0.26
6.08	0.25
6.10	0.25
6.12	0.27
6.15	0.25
6.17	0.25
6.20	0.27
6.22	0.26
6.25	0.26
6.27	0.28
6.30	0.28
6.32	0.27
6.34	0.27
6.37	0.29
6.39	0.28
6.42	0.28
6.44	0.30
6.47	0.28
6.49	0.28
6.52	0.30
6.54	0.30
6.56	0.30
6.59	0.31
6.61	0.31
6.64	0.30
6.66	0.30
6.69	0.32
6.71	0.30
6.73	0.30
6.76	0.33
6.78	0.32
6.81	0.32
6.83	0.34
6.86	0.34
6.88	0.33
6.91	0.33
6.93	0.34
6.95	0.32
6.98	0.32
7.00	0.35
7.03	0.33
7.05	0.33
7.08	0.35
7.10	0.35
7.13	0.34
7.15	0.35
7.17	0.37
7.20	0.35
7.22	0.35
7.25	0.37
7.27	0.35
7.30	0.35
7.32	0.38
7.35	0.37
7.37	0.37
7.39	0.39
7.42	0.39
7.44	0.37
7.47	0.37
7.49	0.40
7.52	0.37
7.54	0.37
7.57	0.40
7.59	0.38
7.61	0.38
7.64	0.41
7.66	0.40
7.69	0.39
7.71	0.40
7.74	0.42
7.76	0.40
7.78	0.40
7.81	0.43
7.83	0.41
7.86	0.41
7.88	0.43
7.91	0.43
7.93	0.42
7.96	0.44
7.98	0.45
8.00	0.43
8.03	0.44
8.05	0.46
8.08	0.44
8.10	0.44
8.13	0.47
8.15	0.45
8.18	0.45
8.20	0.48
8.22	0.48
8.25	0.46
8.27	0.47
8.30	0.49
8.32	0.47
8.35	0.48
8.37	0.50
8.40	0.48
8.42	0.48
8.44	0.51
8.47	0.50
8.49	0.49
8.52	0.51
8.54	0.52
8.57	0.50
8.59	0.51
8.62	0.52
8.64	0.50
8.66	0.50
8.69	0.53
8.71	0.52
8.74	0.51
8.76	0.54
8.79	0.54
8.81	0.52
8.84	0.54
8.86	0.55
8.88	0.52
8.91	0.53
8.93	0.56
8.96	0.55
8.98	0.54
9.01	0.57
9.03	0.57
9.05	0.55
9.08	0.57
9.10	0.58
9.13	0.56
9.15	0.57
9.18	0.60
9.20	0.58
9.23	0.59
9.25	0.62
9.27	0.61
9.30	0.60
9.32	0.63
9.35	0.63
9.37	0.61
9.40	0.63
9.42	0.65
9.45	0.62
9.47	0.63
9.49	0.66
9.52	0.64
9.54	0.64
9.57	0.67
9.59	0.66
9.62	0.64
9.64	0.67
9.67	0.68
9.69	0.66
9.71	0.67
9.74	0.70
9.76	0.68
9.79	0.67
9.81	0.70
9.84	0.69
9.86	0.67
9.89	0.70
9.91	0.70
9.93	0.68
9.96	0.70
9.98	0.71
10.01	0.69
10.03	0.70
10.06	0.73
10.08	0.71
10.10	0.70
10.13	0.73
10.15	0.73
10.18	0.71
10.20	0.73
10.23	0.74
10.25	0.72
10.28	0.74
10.30	0.76
10.32	0.74
10.35	0.74
10.37	0.76
10.40	0.76
10.42	0.74
10.45	0.77
10.47	0.78
10.50	0.76
10.52	0.78
10.54	0.80
10.57	0.77
10.59	0.77
10.62	0.80
10.64	0.79
10.67	0.78
10.69	0.81
10.72	0.81
10.74	0.79
10.76	0.82
10.79	0.83
10.81	0.80
10.84	0.82
10.86	0.85
10.89	0.83
10.91	0.82
10.94	0.85
10.96	0.85
10.98	0.83
11.01	0.85
11.03	0.86
11.06	0.84
11.08	0.86
11.11	0.88
11.13	0.86
11.15	0.86
11.18	0.89
11.20	0.88
11.23	0.87
11.25	0.90
11.28	0.90
11.30	0.88
11.33	0.90
11.35	0.91
11.37	0.89
11.40	0.90
11.42	0.92
11.45	0.91
11.47	0.91
11.50	0.93
11.52	0.93
11.55	0.91
11.57	0.93
11.59	0.94
11.62	0.92
11.64	0.94
11.67	0.97
11.69	0.95
11.72	0.95
11.74	0.98
11.77	0.97
11.79	0.96
11.81	0.99
11.84	0.99
11.86	0.97
11.89	0.99
11.91	1.01
11.94	0.98
11.96	0.99
11.99	1.02
12.01	1.01
12.03	1.00
12.06	1.03
12.08	1.03
12.11	1.01
12.13	1.03
12.16	1.05
12.18	1.03
12.21	1.04
12.23	1.06
12.25	1.04
12.28	1.04
12.30	1.07
12.33	1.05
12.35	1.04
12.38	1.07
12.40	1.07
12.42	1.05
12.45	1.07
12.47	1.09
12.50	1.07
12.52	1.07
12.55	1.09
12.57	1.08
12.60	1.08
12.62	1.11
12.64	1.11
12.67	1.08
12.69	1.11
12.72	1.12
12.74	1.10
12.77	1.11
12.79	1.14
12.82	1.12
12.84	1.11
12.86	1.14
12.89	1.14
12.91	1.13
12.94	1.15
12.96	1.16
12.99	1.14
13.01	1.16
13.04	1.18
13.06	1.16
13.08	1.16
13.11	1.19
13.13	1.18
13.16	1.17
13.18	1.20
13.21	1.21
13.23	1.19
13.26	1.20
13.28	1.22
13.30	1.20
13.33	1.21
13.35	1.23
13.38	1.22
13.40	1.22
13.43	1.25
13.45	1.24
13.47	1.22
13.50	1.25
13.52	1.26
13.55	1.23
13.57	1.25
13.60	1.28
13.62	1.26
13.65	1.26
13.67	1.28
13.69	1.27
13.72	1.26
13.74	1.29
13.77	1.29
13.79	1.28
13.82	1.29
13.84	1.31
13.87	1.29
13.89	1.29
13.91	1.33
13.94	1.31
13.96	1.30
13.99	1.33
14.01	1.33
14.04	1.31
14.06	1.34
14.09	1.35
14.11	1.33
14.13	1.34
14.16	1.36
14.18	1.35
14.21	1.35
14.23	1.38
14.26	1.36
14.28	1.35
14.31	1.39
14.33	1.39
14.35	1.37
14.38	1.39
14.40	1.41
14.43	1.39
14.45	1.39
14.48	1.42
14.50	1.40
14.52	1.40
14.55	1.42
14.57	1.42
14.60	1.40
14.62	1.43
14.65	1.44
14.67	1.42
14.70	1.43
14.72	1.46
14.74	1.44
14.77	1.44
14.79	1.47
14.82	1.46
14.84	1.45
14.87	1.48
14.89	1.48
14.92	1.46
14.94	1.47
14.96	1.49
14.99	1.46
15.01	1.47
15.04	1.50
15.06	1.48
15.09	1.47
15.11	1.50
15.14	1.48
15.16	1.46
15.18	1.48
15.21	1.49
15.23	1.47
15.26	1.48
15.28	1.50
15.31	1.47
15.33	1.47
15.36	1.49
15.38	1.48
15.40	1.46
15.43	1.48
15.45	1.48
15.48	1.45
15.50	1.47
15.53	1.49
15.55	1.47
15.57	1.46
15.60	1.49
15.62	1.47
15.65	1.46
15.67	1.48
15.70	1.47
15.72	1.44
15.75	1.46
15.77	1.46
15.79	1.45
15.82	1.45
15.84	1.48
15.87	1.45
15.89	1.44
15.92	1.46
15.94	1.45
15.97	1.42
15.99	1.44
16.01	1.44
16.04	1.42
16.06	1.43
16.09	1.44
16.11	1.41
16.14	1.40
16.16	1.42
16.19	1.39
16.21	1.38
16.23	1.40
16.26	1.39
16.28	1.36
16.31	1.37
16.33	1.38
16.36	1.35
16.38	1.35
16.41	1.36
16.43	1.32
16.45	1.30
16.48	1.32
16.50	1.30
16.53	1.28
16.55	1.30
16.58	1.29
16.60	1.26
16.63	1.27
16.65	1.28
16.67	1.24
16.70	1.23
16.72	1.25
16.75	1.23
16.77	1.21
16.80	1.23
16.82	1.22
16.84	1.19
16.87	1.20
16.89	1.20
16.92	1.16
16.94	1.17
16.97	1.19
16.99	1.16
17.02	1.14
17.04	1.16
17.06	1.15
17.09	1.14
17.11	1.15
17.14	1.16
17.16	1.13
17.19	1.13
17.21	1.15
17.24	1.12
17.26	1.11
17.28	1.13
17.31	1.11
17.33	1.09
17.36	1.11
17.38	1.11
17.41	1.07
17.43	1.09
17.46	1.10
17.48	1.07
17.50	1.07
17.53	1.09
17.55	1.06
17.58	1.05
17.60	1.07
17.63	1.05
17.65	1.03
17.68	1.05
17.70	1.05
17.72	1.01
17.75	1.02
17.77	1.04
17.80	1.01
17.82	1.00
17.85	1.03
17.87	1.01
17.89	0.99
17.92	1.01
17.94	1.00
17.97	0.98
17.99	0.99
18.02	1.00
18.04	0.97
18.07	0.96
18.09	0.98
18.11	0.95
18.14	0.93
18.16	0.96
18.19	0.94
18.21	0.92
18.24	0.93
18.26	0.93
18.29	0.91
18.31	0.91
18.33	0.92
18.36	0.89
18.38	0.88
18.41	0.90
18.43	0.89
18.46	0.86
18.48	0.88
18.51	0.87
18.53	0.84
18.55	0.85
18.58	0.86
18.60	0.83
18.63	0.82
18.65	0.84
18.68	0.82
18.70	0.80
18.73	0.82
18.75	0.81
18.77	0.79
18.80	0.80
18.82	0.81
18.85	0.77
18.87	0.77
18.90	0.79
18.92	0.76
18.94	0.75
18.97	0.77
18.99	0.76
19.02	0.73
19.04	0.75
19.07	0.75
19.09	0.72
19.12	0.73
19.14	0.74
19.16	0.71
19.19	0.71
19.21	0.73
19.24	0.70
19.26	0.69
19.29	0.71
19.31	0.70
19.34	0.66
19.36	0.68
19.38	0.69
19.41	0.66
19.43	0.66
19.46	0.68
19.48	0.65
19.51	0.64
19.53	0.66
19.56	0.64
19.58	0.62
19.60	0.64
19.63	0.64
19.65	0.61
19.68	0.62
19.70	0.63
19.73	0.60
19.75	0.59
19.78	0.61
19.80	0.60
19.82	0.58
19.85	0.60
19.87	0.59
19.90	0.57
19.92	0.58
19.95	0.59
19.97	0.56
19.99	0.57
20.02	0.58
20.04	0.56
20.07	0.54
20.09	0.57
20.12	0.55
20.14	0.53
20.17	0.55
20.19	0.55
20.21	0.52
20.24	0.53
20.26	0.54
20.29	0.51
20.31	0.51
20.34	0.53
20.36	0.51
20.39	0.50
20.41	0.52
20.43	0.51
20.46	0.49
20.48	0.49
20.51	0.50
20.53	0.47
20.56	0.46
20.58	0.48
20.61	0.46
20.63	0.45
20.65	0.47
20.68	0.46
20.70	0.44
20.73	0.45
20.75	0.45
20.78	0.42
20.80	0.43
20.83	0.44
20.85	0.41
20.87	0.41
20.90	0.43
20.92	0.41
20.95	0.40
20.97	0.42
21.00	0.42
21.02	0.39
21.05	0.40
21.07	0.41
21.09	0.38
21.12	0.38
21.14	0.40
21.17	0.38
21.19	0.38
21.22	0.41
21.24	0.40
21.26	0.39
21.29	0.40
21.31	0.42
21.34	0.40
21.36	0.41
21.39	0.44
21.41	0.42
21.44	0.45
21.46	0.48
21.48	0.48
21.51	0.48
21.53	0.52
21.56	0.53
21.58	0.53
21.61	0.56
21.63	0.59
21.66	0.59
21.68	0.62
21.70	0.67
21.73	0.68
21.75	0.70
21.78	0.76
21.80	0.78
21.83	0.80
21.85	0.85
21.88	0.90
21.90	0.91
21.92	0.96
21.95	1.03
21.97	1.04
22.00	1.08
22.02	1.15
22.05	1.18
22.07	1.22
22.10	1.27
22.12	1.32
22.14	1.36
22.17	1.43
22.19	1.49
22.22	1.52
22.24	1.58
22.27	1.66
22.29	1.69
22.31	1.74
22.34	1.83
22.36	1.87
22.39	1.91
22.41	1.99
22.44	2.05
22.46	2.09
22.49	2.16
22.51	2.24
22.53	2.27
22.56	2.33
22.58	2.41
22.61	2.45
22.63	2.50
22.66	2.59
22.68	2.65
22.71	2.68
22.73	2.76
22.75	2.83
22.78	2.86
22.80	2.92
22.83	3.00
22.85	3.03
22.88	3.08
22.90	3.16
22.93	3.21
22.95	3.25
22.97	3.33
23.00	3.39
23.02	3.42
23.05	3.49
23.07	3.57
23.10	3.60
23.12	3.65
23.15	3.73
23.17	3.77
23.19	3.81
23.22	3.88
23.24	3.93
23.27	3.96
23.29	4.04
23.32	4.10
23.34	4.12
23.36	4.18
23.39	4.26
23.41	4.28
23.44	4.32
23.46	4.40
23.49	4.44
23.51	4.47
23.54	4.55
23.56	4.60
23.58	4.63
23.61	4.69
23.63	4.75
23.66	4.77
23.68	4.82
23.71	4.89
23.73	4.91
23.76	4.95
23.78	5.03
23.80	5.07
23.83	5.09
23.85	5.15
23.88	5.21
23.90	5.23
23.93	5.28
23.95	5.35
23.98	5.37
24.00	5.41
24.02	5.48
24.05	5.51
24.07	5.54
24.10	5.61
24.12	5.65
24.15	5.68
24.17	5.73
24.20	5.79
24.22	5.81
24.24	5.85
24.27	5.92
24.29	5.94
24.32	5.97
24.34	6.04
24.37	6.08
24.39	6.10
24.42	6.16
24.44	6.20
24.46	6.22
24.49	6.27
24.51	6.33
24.54	6.35
24.56	6.38
24.59	6.45
24.61	6.47
24.63	6.49
24.66	6.55
24.68	6.60
24.71	6.61
24.73	6.66
24.76	6.72
24.78	6.74
24.81	6.77
24.83	6.83
24.85	6.85
24.88	6.87
24.90	6.94
24.93	6.97
24.95	6.98
24.98	7.04
25.00	7.09
25.03	7.09
25.05	7.14
25.07	7.20
25.10	7.21
25.12	7.24
25.15	7.29
25.17	7.32
25.20	7.33
25.22	7.39
25.25	7.43
25.27	7.44
25.29	7.49
25.32	7.54
25.34	7.55
25.37	7.58
25.39	7.64
25.42	7.65
25.44	7.67
25.47	7.73
25.49	7.79
25.51	7.80
25.54	7.84
25.56	7.88
25.59	7.89
25.61	7.92
25.64	7.97
25.66	7.98
25.68	8.00
25.71	8.05
25.73	8.07
25.76	8.08
25.78	8.14
25.81	8.17
25.83	8.17
25.86	8.22
25.88	8.26
25.90	8.26
25.93	8.28
25.95	8.34
25.98	8.34
26.00	8.36
26.03	8.41
26.05	8.43
26.08	8.44
26.10	8.48
26.12	8.51
26.15	8.49
26.17	8.52
26.20	8.57
26.22	8.58
26.25	8.59
26.27	8.64
26.30	8.65
26.32	8.66
26.34	8.71
26.37	8.74
26.39	8.74
26.42	8.78
26.44	8.81
26.47	8.81
26.49	8.83
26.52	8.88
26.54	8.89
26.56	8.90
26.59	8.95
26.61	8.96
26.64	8.96
26.66	9.01
26.69	9.04
26.71	9.04
26.73	9.07
26.76	9.11
26.78	9.11
26.81	9.14
26.83	9.18
26.86	9.15
26.88	9.19
26.91	9.24
26.93	9.23
26.95	9.23
26.98	9.30
27.00	9.30
27.03	9.30
27.05	9.34
27.08	9.37
27.10	9.34
27.13	9.38
27.15	9.43
27.17	9.41
27.20	9.42
27.22	9.49
27.25	9.48
27.27	9.47
27.30	9.53
27.32	9.55
27.35	9.53
27.37	9.57
27.39	9.61
27.42	9.58
27.44	9.61
27.47	9.65
27.49	9.64
27.52	9.68
27.54	9.71
27.57	9.69
27.59	9.71
27.61	9.75
27.64	9.76
27.66	9.76
27.69	9.80
27.71	9.82
27.74	9.81
27.76	9.85
27.78	9.87
27.81	9.87
27.83	9.89
27.86	9.93
27.88	9.92
27.91	9.94
27.93	9.98
27.96	9.98
27.98	9.98
28.00	10.02
28.03	10.04
28.05	10.03
28.08	10.06
28.10	10.09
28.13	10.08
28.15	10.10
28.18	10.14
28.20	10.13
28.22	10.14
28.25	10.18
28.27	10.18
28.30	10.17
28.32	10.21
28.35	10.23
28.37	10.23
28.40	10.25
28.42	10.28
28.44	10.27
28.47	10.28
28.49	10.33
28.52	10.33
28.54	10.33
28.57	10.36
28.59	10.38
28.62	10.37
28.64	10.40
28.66	10.43
28.69	10.41
28.71	10.43
28.74	10.47
28.76	10.47
28.79	10.46
28.81	10.51
28.84	10.52
28.86	10.50
28.88	10.54
28.91	10.56
28.93	10.56
28.96	10.58
28.98	10.61
29.01	10.60
29.03	10.61
29.05	10.65
29.08	10.65
29.10	10.65
29.13	10.69
29.15	10.70
29.18	10.69
29.20	10.72
29.23	10.75
29.25	10.73
29.27	10.75
29.30	10.78
29.32	10.78
29.35	10.77
29.37	10.81
29.40	10.81
29.42	10.80
29.45	10.84
29.47	10.86
29.49	10.84
29.52	10.87
29.54	10.90
29.57	10.89
29.59	10.90
29.62	10.94
29.64	10.94
29.67	10.93
29.69	10.97
29.71	10.99
29.74	10.98
29.76	11.01
29.79	11.03
29.81	11.01
29.84	11.03
29.86	11.07
29.89	11.06
29.91	11.07
29.93	11.10
29.96	11.10
29.98	11.09
30.01	11.13
30.03	11.15
30.06	11.14
30.08	11.17
30.10	11.20
30.13	11.18
30.15	11.20
30.18	11.23
30.20	11.22
30.23	11.22
30.25	11.26
30.28	11.27
30.30	11.26
30.32	11.29
30.35	11.31
30.37	11.29
30.40	11.31
30.42	11.35
30.45	11.34
30.47	11.34
30.50	11.37
30.52	11.37
30.54	11.36
30.57	11.40
30.59	11.41
30.62	11.40
30.64	11.43
30.67	11.46
30.69	11.44
30.72	11.45
30.74	11.49
30.76	11.48
30.79	11.48
30.81	11.52
30.84	11.52
30.86	11.51
30.89	11.54
30.91	11.56
30.94	11.54
30.96	11.56
30.98	11.59
31.01	11.58
31.03	11.58
31.06	11.62
31.08	11.62
31.11	11.61
31.13	11.65
31.15	11.66
31.18	11.65
31.20	11.67
31.23	11.69
31.25	11.67
31.28	11.68
31.30	11.71
31.33	11.70
31.35	11.70
31.37	11.74
31.40	11.74
31.42	11.72
31.45	11.74
31.47	11.76
31.50	11.74
31.52	11.76
31.55	11.79
31.57	11.77
31.59	11.77
31.62	11.79
31.64	11.79
31.67	11.78
31.69	11.80
31.72	11.80
31.74	11.78
31.77	11.80
31.79	11.82
31.81	11.79
31.84	11.79
31.86	11.81
31.89	11.80
31.91	11.78
31.94	11.79
31.96	11.79
31.99	11.76
32.01	11.77
32.03	11.77
32.06	11.73
32.08	11.73
32.11	11.74
32.13	11.70
32.16	11.68
32.18	11.69
32.20	11.67
32.23	11.63
32.25	11.64
32.28	11.62
32.30	11.57
32.33	11.57
32.35	11.56
32.38	11.50
32.40	11.47
32.42	11.46
32.45	11.41
32.47	11.38
32.50	11.37
32.52	11.33
32.55	11.28
32.57	11.26
32.60	11.24
32.62	11.17
32.64	11.14
32.67	11.13
32.69	11.06
32.72	11.02
32.74	11.00
32.77	10.95
32.79	10.89
32.82	10.87
32.84	10.83
32.86	10.76
32.89	10.72
32.91	10.69
32.94	10.61
32.96	10.56
32.99	10.54
33.01	10.47
33.04	10.41
33.06	10.38
33.08	10.33
33.11	10.25
33.13	10.22
33.16	10.17
33.18	10.09
33.21	10.04
33.23	10.00
33.26	9.92
33.28	9.86
33.30	9.83
33.33	9.76
33.35	9.68
33.38	9.65
33.40	9.59
33.43	9.51
33.45	9.47
33.47	9.42
33.50	9.33
33.52	9.27
33.55	9.23
33.57	9.15
33.60	9.08
33.62	9.04
33.65	8.97
33.67	8.88
33.69	8.85
33.72	8.79
33.74	8.70
33.77	8.64
33.79	8.60
33.82	8.51
33.84	8.44
33.87	8.40
33.89	8.32
33.91	8.24
33.94	8.20
33.96	8.14
33.99	8.05
34.01	8.00
34.04	7.94
34.06	7.85
34.09	7.79
34.11	7.75
34.13	7.66
34.16	7.58
34.18	7.54
34.21	7.47
34.23	7.39
34.26	7.35
34.28	7.29
34.31	7.20
34.33	7.14
34.35	7.09
34.38	7.00
34.40	6.93
34.43	6.89
34.45	6.81
34.48	6.73
34.50	6.70
34.52	6.62
34.55	6.53
34.57	6.48
34.60	6.43
34.62	6.34
34.65	6.28
34.67	6.24
34.70	6.15
34.72	6.09
34.74	6.05
34.77	5.98
34.79	5.90
34.82	5.87
34.84	5.81
34.87	5.72
34.89	5.68
34.92	5.64
34.94	5.55
34.96	5.49
34.99	5.46
35.01	5.39
35.04	5.32
35.06	5.29
35.09	5.23
35.11	5.15
35.14	5.11
35.16	5.07
35.18	5.01
35.21	4.96
35.23	4.93
35.26	4.85
35.28	4.79
35.31	4.76
35.33	4.70
35.36	4.63
35.38	4.60
35.40	4.56
35.43	4.48
35.45	4.45
35.48	4.43
35.50	4.35
35.53	4.30
35.55	4.28
35.57	4.21
35.60	4.15
35.62	4.13
35.65	4.08
35.67	4.01
35.70	3.98
35.72	3.95
35.75	3.88
35.77	3.84
35.79	3.81
35.82	3.74
35.84	3.70
35.87	3.68
35.89	3.63
35.92	3.57
35.94	3.55
35.97	3.51
35.99	3.44
36.01	3.42
36.04	3.39
36.06	3.33
36.09	3.28
36.11	3.27
36.14	3.19
36.16	3.14
36.19	3.13
36.21	3.09
36.23	3.02
36.26	3.01
36.28	2.98
36.31	2.91
36.33	2.88
36.36	2.87
36.38	2.81
36.41	2.77
36.43	2.76
36.45	2.72
36.48	2.66
36.50	2.65
36.53	2.62
36.55	2.56
36.58	2.54
36.60	2.52
36.62	2.46
36.65	2.43
36.67	2.42
36.70	2.37
36.72	2.32
36.75	2.32
36.77	2.27
36.80	2.20
36.82	2.20
36.84	2.18
36.87	2.12
36.89	2.10
36.92	2.09
36.94	2.03
36.97	2.00
36.99	2.00
37.02	1.95
37.04	1.91
37.06	1.91
37.09	1.88
37.11	1.82
37.14	1.81
37.16	1.80
37.19	1.74
37.21	1.71
37.24	1.71
37.26	1.66
37.28	1.62
37.31	1.63
37.33	1.60
37.36	1.55
37.38	1.56
37.41	1.53
37.43	1.50
37.46	1.49
37.48	1.48
37.50	1.43
37.53	1.40
37.55	1.40
37.58	1.37
37.60	1.33
37.63	1.34
37.65	1.31
37.68	1.28
37.70	1.27
37.72	1.26
37.75	1.22
37.77	1.21
37.80	1.22
37.82	1.18
37.85	1.16
37.87	1.18
37.89	1.16
37.92	1.12
37.94	1.15
37.97	1.15
37.99	1.11
38.02	1.12
38.04	1.14
38.07	1.12
38.09	1.11
38.11	1.15
38.14	1.14
38.16	1.14
38.19	1.18
38.21	1.19
38.24	1.17
38.26	1.22
38.29	1.25
38.31	1.24
38.33	1.27
38.36	1.32
38.38	1.33
38.41	1.36
38.43	1.42
38.46	1.45
38.48	1.46
38.51	1.53
38.53	1.57
38.55	1.59
38.58	1.66
38.60	1.73
38.63	1.75
38.65	1.80
38.68	1.88
38.70	1.91
38.73	1.95
38.75	2.03
38.77	2.09
38.80	2.12
38.82	2.20
38.85	2.28
38.87	2.31
38.90	2.39
38.92	2.47
38.94	2.51
38.97	2.57
38.99	2.66
39.02	2.71
39.04	2.76
39.07	2.85
39.09	2.92
39.12	2.96
39.14	3.04
39.16	3.12
39.19	3.15
39.21	3.22
39.24	3.31
39.26	3.35
39.29	3.41
39.31	3.50
39.34	3.56
39.36	3.59
39.38	3.68
39.41	3.76
39.43	3.79
39.46	3.86
39.48	3.95
39.51	3.98
39.53	4.04
39.56	4.13
39.58	4.17
39.60	4.22
39.63	4.30
39.65	4.35
39.68	4.39
39.70	4.46
39.73	4.53
39.75	4.56
39.78	4.63
39.80	4.72
39.82	4.75
39.85	4.80
39.87	4.88
39.90	4.93
39.92	4.97
39.95	5.04
39.97	5.10
39.99	5.14
40.02	5.21
40.04	5.29
40.07	5.32
40.09	5.38
40.12	5.47
40.14	5.51
40.17	5.55
40.19	5.64
40.21	5.70
40.24	5.73
40.26	5.82
40.29	5.89
40.31	5.93
40.34	5.99
40.36	6.08
40.39	6.12
40.41	6.18
40.43	6.27
40.46	6.32
40.48	6.36
40.51	6.46
40.53	6.53
40.56	6.57
40.58	6.65
40.61	6.73
40.63	6.78
40.65	6.84
40.68	6.93
40.70	6.98
40.73	7.03
40.75	7.13
40.78	7.19
40.80	7.23
40.83	7.32
40.85	7.39
40.87	7.43
40.90	7.51
40.92	7.60
40.95	7.64
40.97	7.70
41.00	7.80
41.02	7.85
41.05	7.89
41.07	7.99
41.09	8.05
41.12	8.09
41.14	8.18
41.17	8.25
41.19	8.28
41.22	8.35
41.24	8.44
41.26	8.48
41.29	8.54
41.31	8.62
41.34	8.68
41.36	8.72
41.39	8.80
41.41	8.87
41.44	8.91
41.46	8.98
41.48	9.06
41.51	9.10
41.53	9.16
41.56	9.25
41.58	9.29
41.61	9.34
41.63	9.42
41.66	9.48
41.68	9.51
41.70	9.59
41.73	9.67
41.75	9.70
41.78	9.76
41.80	9.85
41.83	9.88
41.85	9.94
41.88	10.02
41.90	10.07
41.92	10.10
41.95	10.18
41.97	10.25
42.00	10.28
42.02	10.35
42.05	10.43
42.07	10.46
42.10	10.52
42.12	10.60
42.14	10.63
42.17	10.67
42.19	10.76
42.22	10.80
42.24	10.83
42.27	10.91
42.29	10.97
42.31	11.00
42.34	11.07
42.36	11.14
42.39	11.17
42.41	11.22
42.44	11.30
42.46	11.34
42.49	11.37
42.51	11.45
42.53	11.51
42.56	11.54
42.58	11.61
42.61	11.67
42.63	11.70
42.66	11.75
42.68	11.83
42.71	11.86
42.73	11.90
42.75	11.98
42.78	12.02
42.80	12.05
42.83	12.13
42.85	12.18
42.88	12.21
42.90	12.27
42.93	12.34
42.95	12.37
42.97	12.41
43.00	12.49
43.02	12.53
43.05	12.56
43.07	12.63
43.10	12.67
43.12	12.69
43.15	12.76
43.17	12.82
43.19	12.84
43.22	12.89
43.24	12.96
43.27	12.99
43.29	13.02
43.32	13.09
43.34	13.12
43.36	13.14
43.39	13.22
43.41	13.26
43.44	13.28
43.46	13.34
43.49	13.40
43.51	13.42
43.54	13.46
43.56	13.53
43.58	13.55
43.61	13.57
43.63	13.64
43.66	13.69
43.68	13.70
43.71	13.76
43.73	13.82
43.76	13.83
43.78	13.88
43.80	13.95
43.83	13.96
43.85	14.00
43.88	14.06
43.90	14.09
43.93	14.11
43.95	14.18
43.98	14.23
44.00	14.24
44.02	14.30
44.05	14.35
44.07	14.36
44.10	14.40
44.12	14.47
44.15	14.49
44.17	14.52
44.20	14.58
44.22	14.62
44.24	14.63
44.27	14.69
44.29	14.74
44.32	14.75
44.34	14.79
44.37	14.86
44.39	14.87
44.41	14.90
44.44	14.96
44.46	14.99
44.49	15.01
44.51	15.07
44.54	15.11
44.56	15.12
44.59	15.18
44.61	15.23
44.63	15.24
44.66	15.27
44.68	15.34
44.71	15.35
44.73	15.38
44.76	15.44
44.78	15.48
44.81	15.49
44.83	15.54
44.85	15.58
44.88	15.59
44.90	15.64
44.93	15.70
44.95	15.71
44.98	15.74
45.00	15.80
45.03	15.81
45.05	15.82
45.07	15.89
45.10	15.92
45.12	15.93
45.15	15.98
45.17	16.03
45.20	16.04
45.22	16.07
45.25	16.13
45.27	16.14
45.29	16.16
45.32	16.22
45.34	16.25
45.37	16.25
45.39	16.31
45.42	16.35
45.44	16.35
45.47	16.40
45.49	16.45
45.51	16.46
45.54	16.48
45.56	16.54
45.59	16.56
45.61	16.58
45.64	16.64
45.66	16.67
45.68	16.68
45.71	16.73
45.73	16.77
45.76	16.77
45.78	16.81
45.81	16.87
45.83	16.87
45.86	16.89
45.88	16.95
45.90	16.97
45.93	16.98
45.95	17.03
45.98	17.07
46.00	17.07
46.03	17.12
46.05	17.17
46.08	17.17
46.10	17.20
46.12	17.25
46.15	17.27
46.17	17.26
46.20	17.32
46.22	17.35
46.25	17.35
46.27	17.39
46.30	17.43
46.32	17.43
46.34	17.47
46.37	17.52
46.39	17.53
46.42	17.55
46.44	17.60
46.47	17.62
46.49	17.63
46.52	17.68
46.54	17.71
46.56	17.72
46.59	17.76
46.61	17.81
46.64	17.81
46.66	17.83
46.69	17.88
46.71	17.89
46.73	17.91
46.76	17.96
46.78	17.99
46.81	17.99
46.83	18.06
46.86	18.09
46.88	18.09
46.91	18.13
46.93	18.19
46.95	18.19
46.98	18.20
47.00	18.26
47.03	18.27
47.05	18.28
47.08	18.33
47.10	18.36
47.13	18.37
47.15	18.40
47.17	18.44
47.20	18.44
47.22	18.47
47.25	18.52
47.27	18.53
47.30	18.54
47.32	18.60
47.35	18.62
47.37	18.62
47.39	18.67
47.42	18.70
47.44	18.70
47.47	18.71
47.49	18.75
47.52	18.76
47.54	18.78
47.57	18.83
47.59	18.83
47.61	18.84
47.64	18.90
47.66	18.92
47.69	18.92
47.71	18.96
47.74	19.00
47.76	19.00
47.78	19.02
47.81	19.07
47.83	19.07
47.86	19.09
47.88	19.14
47.91	19.15
47.93	19.15
47.96	19.19
47.98	19.22
48.00	19.21
48.03	19.25
48.05	19.29
48.08	19.29
48.10	19.30
48.13	19.37
48.15	19.38
48.18	19.38
48.20	19.42
48.22	19.44
48.25	19.43
48.27	19.47
48.30	19.50
48.32	19.49
48.35	19.51
48.37	19.55
48.40	19.54
48.42	19.54
48.44	19.58
48.47	19.59
48.49	19.58
48.52	19.61
48.54	19.63
48.57	19.61
48.59	19.63
48.62	19.66
48.64	19.64
48.66	19.64
48.69	19.67
48.71	19.66
48.74	19.64
48.76	19.67
48.79	19.67
48.81	19.64
48.84	19.66
48.86	19.67
48.88	19.63
48.91	19.62
48.93	19.64
48.96	19.61
48.98	19.59
49.01	19.60
49.03	19.57
49.05	19.54
49.08	19.55
49.10	19.53
49.13	19.48
49.15	19.48
49.18	19.47
49.20	19.42
49.23	19.39
49.25	19.40
49.27	19.36
49.30	19.31
49.32	19.31
49.35	19.28
49.37	19.22
49.40	19.21
49.42	19.18
49.45	19.12
49.47	19.10
49.49	19.08
49.52	19.03
49.54	18.98
49.57	18.98
49.59	18.92
49.62	18.86
49.64	18.85
49.67	18.82
49.69	18.75
49.71	18.72
49.74	18.70
49.76	18.64
49.79	18.59
49.81	18.57
49.84	18.51
49.86	18.45
49.89	18.43
49.91	18.38
49.93	18.31
49.96	18.29
49.98	18.25
50.01	18.17
50.03	18.13
50.06	18.10
50.08	18.03
50.10	17.98
50.13	17.95
50.15	17.89
50.18	17.82
50.20	17.79
50.23	17.74
50.25	17.66
50.28	17.63
50.30	17.58
50.32	17.50
50.35	17.45
50.37	17.42
50.40	17.34
50.42	17.27
50.45	17.25
50.47	17.19
50.50	17.11
50.52	17.07
50.54	17.02
50.57	16.94
50.59	16.89
50.62	16.84
50.64	16.76
50.67	16.70
50.69	16.66
50.72	16.59
50.74	16.51
50.76	16.47
50.79	16.41
50.81	16.32
50.84	16.28
50.86	16.22
50.89	16.13
50.91	16.07
50.94	16.04
50.96	15.95
50.98	15.88
51.01	15.84
51.03	15.77
51.06	15.67
51.08	15.63
51.11	15.57
51.13	15.47
51.15	15.41
51.18	15.37
51.20	15.28
51.23	15.21
51.25	15.17
51.28	15.09
51.30	15.01
51.33	14.97
51.35	14.89
51.37	14.80
51.40	14.75
51.42	14.70
51.45	14.60
51.47	14.54
51.50	14.50
51.52	14.41
51.55	14.33
51.57	14.30
51.59	14.22
51.62	14.13
51.64	14.09
51.67	14.02
51.69	13.93
51.72	13.88
51.74	13.83
51.77	13.74
51.79	13.67
51.81	13.63
51.84	13.54
51.86	13.47
51.89	13.43
51.91	13.36
51.94	13.26
51.96	13.21
51.99	13.16
52.01	13.07
52.03	13.01
52.06	12.96
52.08	12.88
52.11	12.81
52.13	12.77
52.16	12.69
52.18	12.61
52.20	12.57
52.23	12.50
52.25	12.41
52.28	12.36
52.30	12.31
52.33	12.22
52.35	12.15
52.38	12.11
52.40	12.04
52.42	11.96
52.45	11.92
52.47	11.85
52.50	11.76
52.52	11.72
52.55	11.66
52.57	11.56
52.60	11.51
52.62	11.47
52.64	11.38
52.67	11.31
52.69	11.27
52.72	11.21
52.74	11.12
52.77	11.08
52.79	11.02
52.82	10.93
52.84	10.88
52.86	10.83
52.89	10.74
52.91	10.69
52.94	10.65
52.96	10.57
52.99	10.50
53.01	10.47
53.04	10.40
53.06	10.31
53.08	10.27
53.11	10.22
53.13	10.13
53.16	10.08
53.18	10.04
53.21	9.96
53.23	9.90
53.26	9.87
53.28	9.79
53.30	9.72
53.33	9.68
53.35	9.62
53.38	9.54
53.40	9.49
53.43	9.45
53.45	9.36
53.47	9.30
53.50	9.28
53.52	9.20
53.55	9.13
53.57	9.10
53.60	9.03
53.62	8.95
53.65	8.91
53.67	8.86
53.69	8.78
53.72	8.73
53.74	8.69
53.77	8.60
53.79	8.54
53.82	8.51
53.84	8.44
53.87	8.37
53.89	8.34
53.91	8.25
53.94	8.19
53.96	8.17
53.99	8.10
54.01	8.01
54.04	7.99
54.06	7.94
54.09	7.84
54.11	7.81
54.13	7.79
54.16	7.69
54.18	7.64
54.21	7.63
54.23	7.55
54.26	7.47
54.28	7.46
54.31	7.41
54.33	7.32
54.35	7.31
54.38	7.28
54.40	7.19
54.43	7.16
54.45	7.16
54.48	7.07
54.50	7.02
54.52	7.03
54.55	6.97
54.57	6.92
54.60	6.91
54.62	6.86
54.65	6.82
54.67	6.82
54.70	6.79
54.72	6.74
54.74	6.74
54.77	6.73
54.79	6.68
54.82	6.68
54.84	6.69
54.87	6.65
54.89	6.64
54.92	6.66
54.94	6.64
54.96	6.62
54.99	6.64
55.01	6.64
55.04	6.62
55.06	6.65
55.09	6.67
55.11	6.65
55.14	6.68
55.16	6.71
55.18	6.70
55.21	6.72
55.23	6.77
55.26	6.78
55.28	6.79
55.31	6.84
55.33	6.87
55.36	6.88
55.38	6.92
55.40	6.96
55.43	6.97
55.45	7.00
55.48	7.06
55.50	7.07
55.53	7.10
55.55	7.16
55.57	7.20
55.60	7.21
55.62	7.27
55.65	7.33
55.67	7.33
55.70	7.38
55.72	7.44
55.75	7.45
55.77	7.49
55.79	7.55
55.82	7.58
55.84	7.60
55.87	7.66
55.89	7.70
55.92	7.71
55.94	7.76
55.97	7.81
55.99	7.82
56.01	7.85
56.04	7.92
56.06	7.94
56.09	7.96
56.11	8.02
56.14	8.06
56.16	8.06
56.19	8.12
56.21	8.16
56.23	8.17
56.26	8.21
56.28	8.27
56.31	8.28
56.33	8.30
56.36	8.37
56.38	8.39
56.41	8.40
56.43	8.47
56.45	8.51
56.48	8.52
56.50	8.58
56.53	8.64
56.55	8.66
56.58	8.70
56.60	8.77
56.62	8.79
56.65	8.82
56.67	8.90
56.70	8.93
56.72	8.96
56.75	9.04
56.77	9.10
56.80	9.13
56.82	9.20
56.84	9.28
56.87	9.32
56.89	9.37
56.92	9.46
56.94	9.51
56.97	9.56
56.99	9.65
57.02	9.72
57.04	9.77
57.06	9.86
57.09	9.95
57.11	9.99
57.14	10.07
57.16	10.17
57.19	10.23
57.21	10.30
57.24	10.40
57.26	10.48
57.28	10.53
57.31	10.64
57.33	10.73
57.36	10.79
57.38	10.89
57.41	10.99
57.43	11.05
57.46	11.14
57.48	11.25
57.50	11.32
57.53	11.40
57.55	11.51
57.58	11.61
57.60	11.67
57.63	11.77
57.65	11.87
57.68	11.94
57.70	12.04
57.72	12.15
57.75	12.22
57.77	12.30
57.80	12.42
57.82	12.50
57.85	12.57
57.87	12.69
57.89	12.79
57.92	12.85
57.94	12.96
57.97	13.08
57.99	13.14
58.02	13.23
58.04	13.35
58.07	13.43
58.09	13.50
58.11	13.61
58.14	13.70
58.16	13.77
58.19	13.88
58.21	13.99
58.24	14.06
58.26	14.16
58.29	14.29
58.31	14.36
58.33	14.44
58.36	14.57
58.38	14.65
58.41	14.72
58.43	14.85
58.46	14.96
58.48	15.04
58.51	15.15
58.53	15.27
58.55	15.34
58.58	15.44
58.60	15.56
58.63	15.64
58.65	15.73
58.68	15.86
58.70	15.97
58.73	16.04
58.75	16.17
58.77	16.29
58.80	16.38
58.82	16.50
58.85	16.63
58.87	16.71
58.90	16.81
58.92	16.94
58.94	17.04
58.97	17.13
58.99	17.28
59.02	17.39
59.04	17.48
59.07	17.61
59.09	17.74
59.12	17.83
59.14	17.94
59.16	18.09
59.19	18.19
59.21	18.29
59.24	18.43
59.26	18.55
59.29	18.64
59.31	18.78
59.34	18.91
59.36	19.00
59.38	19.13
59.41	19.28
59.43	19.37
59.46	19.48
59.48	19.63
59.51	19.74
59.53	19.84
59.56	19.99
59.58	20.12
59.60	20.22
59.63	20.36
59.65	20.50
59.68	20.60
59.70	20.73
59.73	20.88
59.75	20.99
59.78	21.10
59.80	21.25
59.82	21.37
59.85	21.47
59.87	21.62
59.90	21.76
59.92	21.87
59.95	22.01
59.97	22.16
59.99	22.26
60.02	22.39
60.04	22.55
60.07	22.66
60.09	22.77
60.12	22.94
60.14	23.08
60.17	23.19
60.19	23.34
60.21	23.49
60.24	23.60
60.26	23.73
60.29	23.89
60.31	24.00
60.34	24.12
60.36	24.29
60.39	24.41
60.41	24.53
60.43	24.70
60.46	24.85
60.48	24.97
60.51	25.11
60.53	25.28
60.56	25.39
60.58	25.54
60.61	25.71
60.63	25.84
60.65	25.96
60.68	26.13
60.70	26.28
60.73	26.41
60.75	26.57
60.78	26.73
60.80	26.86
60.83	27.01
60.85	27.18
60.87	27.31
60.90	27.45
60.92	27.63
60.95	27.77
60.97	27.90
61.00	28.08
61.02	28.25
61.05	28.37
61.07	28.53
61.09	28.71
61.12	28.85
61.14	29.00
61.17	29.18
61.19	29.32
61.22	29.46
61.24	29.64
61.26	29.79
61.29	29.92
61.31	30.10
61.34	30.27
61.36	30.41
61.39	30.57
61.41	30.76
61.44	30.91
61.46	31.05
61.48	31.24
61.51	31.39
61.53	31.53
61.56	31.72
61.58	31.90
61.61	32.03
61.63	32.21
61.66	32.40
61.68	32.54
61.70	32.71
61.73	32.90
61.75	33.06
61.78	33.20
61.80	33.40
61.83	33.58
61.85	33.73
61.88	33.92
61.90	34.11
61.92	34.25
61.95	34.44
61.97	34.65
62.00	34.80
62.02	34.97
62.05	35.17
62.07	35.34
62.10	35.49
62.12	35.70
62.14	35.90
62.17	36.06
62.19	36.26
62.22	36.47
62.24	36.64
62.27	36.83
62.29	37.05
62.31	37.23
62.34	37.41
62.36	37.63
62.39	37.83
62.41	38.00
62.44	38.21
62.46	38.43
62.49	38.60
62.51	38.80
62.53	39.03
62.56	39.22
62.58	39.42
62.61	39.65
62.63	39.85
62.66	40.03
62.68	40.27
62.71	40.49
62.73	40.68
62.75	40.91
62.78	41.14
62.80	41.32
62.83	41.53
62.85	41.78
62.88	41.98
62.90	42.17
62.93	42.41
62.95	42.63
62.97	42.82
63.00	43.06
63.02	43.30
63.05	43.51
63.07	43.73
63.10	43.98
63.12	44.19
63.15	44.40
63.17	44.66
63.19	44.87
63.22	45.06
63.24	45.33
63.27	45.57
63.29	45.77
63.32	46.01
63.34	46.27
63.36	46.48
63.39	46.72
63.41	46.96
63.44	47.16
63.46	47.39
63.49	47.61
63.51	47.79
63.54	47.98
63.56	48.18
63.58	48.35
63.61	48.50
63.63	48.68
63.66	48.83
63.68	48.95
63.71	49.08
63.73	49.21
63.76	49.31
63.78	49.42
63.80	49.54
63.83	49.61
63.85	49.68
63.88	49.77
63.90	49.83
63.93	49.85
63.95	49.91
63.98	49.96
64.00	49.96
64.02	49.98
64.05	49.99
64.07	49.99
64.10	49.99
64.12	49.99
64.15	49.99
64.17	49.99
64.20	49.99
64.22	49.99
64.24	49.99
64.27	49.99
64.29	49.99
64.32	49.99
64.34	49.99
64.37	49.99
64.39	49.99
64.41	49.99
64.44	49.99
64.46	49.99
64.49	49.99
64.51	49.99
64.54	49.99
64.56	49.99
64.59	49.99
64.61	49.99
64.63	49.99
64.66	49.99
64.68	49.99
64.71	49.99
64.73	49.99
64.76	49.99
64.78	49.99
64.81	49.99
64.83	49.99
64.85	49.99
64.88	49.99
64.90	49.99
64.93	49.99
64.95	49.99
64.98	49.99
65.00	49.99
65.03	49.99
65.05	49.99
65.07	49.99
65.10	49.99
65.12	49.99
65.15	49.99
65.17	49.99
65.20	49.99
65.22	49.99
65.25	49.99
65.27	49.99
65.29	49.99
65.32	49.99
65.34	49.99
65.37	49.99
65.39	49.99
65.42	49.99
65.44	49.99
65.47	49.99
65.49	49.99
65.51	49.99
65.54	49.99
65.56	49.99
65.59	49.99
65.61	49.99
65.64	49.99
65.66	49.99
65.68	49.99
65.71	49.99
65.73	49.99
65.76	49.99
65.78	49.99
65.81	49.99
65.83	49.99
65.86	49.99
65.88	49.99
65.90	49.99
65.93	49.99
65.95	49.99
65.98	49.99
66.00	49.99
66.03	49.99
66.05	49.99
66.08	49.99
66.10	49.99
66.12	49.99
66.15	49.99
66.17	49.99
66.20	49.99
66.22	49.99
66.25	49.99
66.27	49.99
66.30	49.99
66.32	49.99
66.34	49.99
66.37	49.99
66.39	49.99
66.42	49.99
66.44	49.99
66.47	49.99
66.49	49.99
66.52	49.99
66.54	49.99
66.56	49.99
66.59	49.99
66.61	49.99
66.64	49.99
66.66	49.99
66.69	49.99
66.71	49.99
66.73	49.99
66.76	49.99
66.78	49.99
66.81	49.99
66.83	49.99
66.86	49.99
66.88	49.99
66.91	49.99
66.93	49.99
66.95	49.99
66.98	49.99
67.00	49.99
67.03	49.99
67.05	49.99
67.08	49.99
67.10	49.99
67.13	49.99
67.15	49.99
67.17	49.99
67.20	49.99
67.22	49.99
67.25	49.99
67.27	49.99
67.30	49.99
67.32	49.99
67.35	49.99
67.37	49.99
67.39	49.99
67.42	49.99
67.44	49.99
67.47	49.99
67.49	49.99
67.52	49.99
67.54	49.99
67.57	49.99
67.59	49.99
67.61	49.99
67.64	49.99
67.66	49.99
67.69	49.99
67.71	49.99
67.74	49.99
67.76	49.99
67.78	49.99
67.81	49.99
67.83	49.99
67.86	49.99
67.88	49.99
67.91	49.99
67.93	49.99
67.96	49.99
67.98	49.99
68.00	49.99
68.03	49.99
68.05	49.99
68.08	49.99
68.10	49.99
68.13	49.99
68.15	49.99
68.18	49.99
68.20	49.99
68.22	49.99
68.25	49.99
68.27	49.99
68.30	49.99
68.32	49.99
68.35	49.99
68.37	49.99
68.40	49.99
68.42	49.99
68.44	49.99
68.47	49.99
68.49	49.99
68.52	49.99
68.54	49.99
68.57	49.99
68.59	49.99
68.62	49.99
68.64	49.99
68.66	49.99
68.69	49.99
68.71	49.99
68.74	49.99
68.76	49.99
68.79	49.99
68.81	49.99
68.83	49.99
68.86	49.99
68.88	49.99
68.91	49.99
68.93	49.99
68.96	49.99
68.98	49.99
69.01	49.99
69.03	49.99
69.05	49.99
69.08	49.99
69.10	49.99
69.13	49.99
69.15	49.99
69.18	49.99
69.20	49.99
69.23	49.99
69.25	49.99
69.27	49.99
69.30	49.99
69.32	49.99
69.35	49.99
69.37	49.99
69.40	49.99
69.42	49.99
69.45	49.99
69.47	49.99
69.49	49.99
69.52	49.99
69.54	49.99
69.57	49.99
69.59	49.99
69.62	49.99
69.64	49.99
69.67	49.99
69.69	49.99
69.71	49.99
69.74	49.99
69.76	49.99
69.79	49.99
69.81	49.99
69.84	49.99
69.86	49.99
69.89	49.99
69.91	49.99
69.93	49.99
69.96	49.99
69.98	49.99
70.01	49.99
70.03	49.99
70.06	49.99
70.08	49.99
70.10	49.99
70.13	49.99
70.15	49.99
70.18	49.99
70.20	49.99
70.23	49.99
70.25	49.99
70.28	49.99
70.30	49.99
70.32	49.99
70.35	49.99
70.37	49.99
70.40	49.99
70.42	49.99
70.45	49.99
70.47	49.99
70.50	49.99
70.52	49.99
70.54	49.99
70.57	49.99
70.59	49.99
70.62	49.99
70.64	49.99
70.67	49.99
70.69	49.99
70.72	49.99
70.74	49.99
70.76	49.99
70.79	49.99
70.81	49.99
70.84	49.99
70.86	49.99
70.89	49.99
70.91	49.99
70.94	49.99
70.96	49.99
70.98	49.99
71.01	49.99
71.03	49.99
71.06	49.99
71.08	49.99
71.11	49.99
71.13	49.99
71.15	49.99
71.18	49.99
71.20	49.99
71.23	49.99
71.25	49.99
71.28	49.99
71.30	49.99
71.33	49.99
71.35	49.99
71.37	49.99
71.40	49.99
71.42	49.99
71.45	49.99
71.47	49.99
71.50	49.99
71.52	49.99
71.55	49.99
71.57	49.99
71.59	49.99
71.62	49.99
71.64	49.99
71.67	49.99
71.69	49.99
71.72	49.99
71.74	49.99
71.77	49.99
71.79	49.99
71.81	49.99
71.84	49.99
71.86	49.99
71.89	49.99
71.91	49.99
71.94	49.99
71.96	49.99
71.99	49.99
72.01	49.99
72.03	49.99
72.06	49.99
72.08	49.99
72.11	49.99
72.13	49.99
72.16	49.99
72.18	49.99
72.20	49.99
72.23	49.99
72.25	49.99
72.28	49.99
72.30	49.99
72.33	49.99
72.35	49.99
72.38	49.99
72.40	49.99
72.42	49.99
72.45	49.99
72.47	49.99
72.50	49.99
72.52	49.99
72.55	49.99
72.57	49.99
72.60	49.99
72.62	49.99
72.64	49.99
72.67	49.99
72.69	49.99
72.72	49.99
72.74	49.99
72.77	49.99
72.79	49.99
72.82	49.99
72.84	49.99
72.86	49.99
72.89	49.99
72.91	49.99
72.94	49.99
72.96	49.99
72.99	49.99
73.01	49.99
73.04	49.99
73.06	49.99
73.08	49.99
73.11	49.99
73.13	49.99
73.16	49.99
73.18	49.99
73.21	49.99
73.23	49.99
73.25	49.99
73.28	49.99
73.30	49.99
73.33	49.99
73.35	49.99
73.38	49.99
73.40	49.99
73.43	49.99
73.45	49.99
73.47	49.99
73.50	49.99
73.52	49.99
73.55	49.99
73.57	49.99
73.60	49.99
73.62	49.99
73.65	49.99
73.67	49.99
73.69	49.99
73.72	49.99
73.74	49.99
73.77	49.99
73.79	49.99
73.82	49.99
73.84	49.99
73.87	49.99
73.89	49.99
73.91	49.99
73.94	49.99
73.96	49.99
73.99	49.99
74.01	49.99
74.04	49.99
74.06	49.99
74.09	49.99
74.11	49.99
74.13	49.99
74.16	49.99
74.18	49.99
74.21	49.99
74.23	49.99
74.26	49.99
74.28	49.99
74.31	49.99
74.33	49.99
74.35	49.99
74.38	49.99
74.40	49.99
74.43	49.99
74.45	49.99
74.48	49.99
74.50	49.99
74.52	49.99
74.55	49.99
74.57	49.99
74.60	49.99
74.62	49.99
74.65	49.99
74.67	49.99
74.70	49.99
74.72	49.99
74.74	49.99
74.77	49.99
74.79	49.99
74.82	49.99
74.84	49.99
74.87	49.99
74.89	49.99
74.92	49.99
74.94	49.99
74.96	49.99
74.99	49.99
75.01	49.99
75.04	49.99
75.06	49.99
75.09	49.99
75.11	49.99
75.14	49.99
75.16	49.99
75.18	49.99
75.21	49.99
75.23	49.99
75.26	49.99
75.28	49.99
75.31	49.99
75.33	49.99
75.36	49.99
75.38	49.99
75.40	49.99
75.43	49.99
75.45	49.99
75.48	49.99
75.50	49.99
75.53	49.99
75.55	49.99
75.57	49.99
75.60	49.99
75.62	49.99
75.65	49.99
75.67	49.99
75.70	49.99
75.72	49.99
75.75	49.99
75.77	49.99
75.79	49.99
75.82	49.99
75.84	49.99
75.87	49.99
75.89	49.99
75.92	49.99
75.94	49.99
75.97	49.99
75.99	49.99
76.01	49.99
76.04	49.99
76.06	49.99
76.09	49.99
76.11	49.99
76.14	49.99
76.16	49.99
76.19	49.99
76.21	49.99
76.23	49.99
76.26	49.99
76.28	49.99
76.31	49.99
76.33	49.99
76.36	49.99
76.38	49.99
76.41	49.99
76.43	49.99
76.45	49.99
76.48	49.99
76.50	49.99
76.53	49.99
76.55	49.99
76.58	49.99
76.60	49.99
76.62	49.99
76.65	49.99
76.67	49.99
76.70	49.99
76.72	49.99
76.75	49.99
76.77	49.99
76.80	49.99
76.82	49.99
76.84	49.99
76.87	49.99
76.89	49.99
76.92	49.99
76.94	49.99
76.97	49.99
76.99	49.99
77.02	49.99
77.04	49.99
77.06	49.99
77.09	49.99
77.11	49.99
77.14	49.99
77.16	49.99
77.19	49.99
77.21	49.99
77.24	49.99
77.26	49.99
77.28	49.99
77.31	49.99
77.33	49.99
77.36	49.99
77.38	49.99
77.41	49.99
77.43	49.99
77.46	49.99
77.48	49.99
77.50	49.99
77.53	49.99
77.55	49.99
77.58	49.99
77.60	49.99
77.63	49.99
77.65	49.99
77.68	49.99
77.70	49.99
77.72	49.99
77.75	49.99
77.77	49.99
77.80	49.99
77.82	49.99
77.85	49.99
77.87	49.99
77.89	49.99
77.92	49.99
77.94	49.99
77.97	49.99
77.99	49.99
78.02	49.99
78.04	49.99
78.07	49.99
78.09	49.99
78.11	49.99
78.14	49.99
78.16	49.99
78.19	49.99
78.21	49.99
78.24	49.99
78.26	49.99
78.29	49.99
78.31	49.99
78.33	49.99
78.36	49.99
78.38	49.99
78.41	49.99
78.43	49.99
78.46	49.99
78.48	49.99
78.51	49.99
78.53	49.99
78.55	49.99
78.58	49.99
78.60	49.99
78.63	49.99
78.65	49.99
78.68	49.99
78.70	49.99
78.73	49.99
78.75	49.99
78.77	49.99
78.80	49.99
78.82	49.99
78.85	49.99
78.87	49.99
78.90	49.99
78.92	49.99
78.94	49.99
78.97	49.99
78.99	49.99
79.02	49.99
79.04	49.99
79.07	49.99
79.09	49.99
79.12	49.99
79.14	49.99
79.16	49.99
79.19	49.99
79.21	49.99
79.24	49.99
79.26	49.99
79.29	49.99
79.31	49.99
79.34	49.99
79.36	49.99
79.38	49.99
79.41	49.99
79.43	49.99
79.46	49.99
79.48	49.99
79.51	49.99
79.53	49.99
79.56	49.99
79.58	49.99
79.60	49.99
79.63	49.99
79.65	49.99
79.68	49.99
79.70	49.99
79.73	49.99
79.75	49.99
79.78	49.99
79.80	49.99
79.82	49.99
79.85	49.99
79.87	49.99
79.90	49.99
79.92	49.99
79.95	49.99
79.97	49.99
79.99	49.99
80.02	49.99
80.04	49.99
80.07	49.99
80.09	49.99
80.12	49.99
80.14	49.99
80.17	49.99
80.19	49.99
80.21	49.99
80.24	49.99
80.26	49.99
80.29	49.99
80.31	49.99
80.34	49.99
80.36	49.99
80.39	49.99
80.41	49.99
80.43	49.99
80.46	49.99
80.48	49.99
80.51	49.99
80.53	49.99
80.56	49.99
80.58	49.99
80.61	49.99
80.63	49.99
80.65	49.99
80.68	49.99
80.70	49.99
80.73	49.99
80.75	49.99
80.78	49.99
80.80	49.99
80.83	49.99
80.85	49.99
80.87	49.99
80.90	49.99
80.92	49.99
80.95	49.99
80.97	49.99
81.00	49.99
81.02	49.99
81.04	49.99
81.07	49.99
81.09	49.99
81.12	49.99
81.14	49.99
81.17	49.99
81.19	49.99
81.22	49.99
81.24	49.99
81.26	49.99
81.29	49.99
81.31	49.99
81.34	49.99
81.36	49.99
81.39	49.99
81.41	49.99
81.44	49.99
81.46	49.99
81.48	49.99
81.51	49.99
81.53	49.99
81.56	49.99
81.58	49.99
81.61	49.99
81.63	49.99
81.66	49.99
81.68	49.99
81.70	49.99
81.73	49.99
81.75	49.99
81.78	49.99
81.80	49.99
81.83	49.99
81.85	49.99
81.88	49.99
81.90	49.99
81.92	49.99
81.95	49.99
81.97	49.99
82.00	49.99
82.02	49.99
82.05	49.99
82.07	49.99
82.10	49.99
82.12	49.99
82.14	49.99
82.17	49.99
82.19	49.99
82.22	49.99
82.24	49.99
82.27	49.99
82.29	49.99
82.31	49.99
82.34	49.99
82.36	49.99
82.39	49.99
82.41	49.99
82.44	49.99
82.46	49.99
82.49	49.99
82.51	49.99
82.53	49.99
82.56	49.99
82.58	49.99
82.61	49.99
82.63	49.99
82.66	49.99
82.68	49.99
82.71	49.99
82.73	49.99
82.75	49.99
82.78	49.99
82.80	49.99
82.83	49.99
82.85	49.99
82.88	49.99
82.90	49.99
82.93	49.99
82.95	49.99
82.97	49.99
83.00	49.99
83.02	49.99
83.05	49.99
83.07	49.99
83.10	49.99
83.12	49.99
83.15	49.99
83.17	49.99
83.19	49.99
83.22	49.99
83.24	49.99
83.27	49.99
83.29	49.99
83.32	49.99
83.34	49.99
83.36	49.99
83.39	49.99
83.41	49.99
83.44	49.99
83.46	49.99
83.49	49.99
83.51	49.99
83.54	49.99
83.56	49.99
83.58	49.99
83.61	49.99
83.63	49.99
83.66	49.99
83.68	49.99
83.71	49.99
83.73	49.99
83.76	49.99
83.78	49.99
83.80	49.99
83.83	49.99
83.85	49.99
83.88	49.99
83.90	49.99
83.93	49.99
83.95	49.99
83.98	49.99
84.00	49.99
84.02	49.99
84.05	49.99
84.07	49.99
84.10	49.99
84.12	49.99
84.15	49.99
84.17	49.99
84.20	49.99
84.22	49.99
84.24	49.99
84.27	49.99
84.29	49.99
84.32	49.99
84.34	49.99
84.37	49.99
84.39	49.99
84.41	49.99
84.44	49.99
84.46	49.99
84.49	49.99
84.51	49.99
84.54	49.99
84.56	49.99
84.59	49.99
84.61	49.99
84.63	49.99
84.66	49.99
84.68	49.99
84.71	49.99
84.73	49.99
84.76	49.99
84.78	49.99
84.81	49.99
84.83	49.99
84.85	49.99
84.88	49.99
84.90	49.99
84.93	49.99
84.95	49.99
84.98	49.99
85.00	49.99
85.03	49.99
85.05	49.99
85.07	49.99
85.10	49.99
85.12	49.99
85.15	49.99
85.17	49.99
85.20	49.99
85.22	49.99
85.25	49.99
85.27	49.99
85.29	49.99
85.32	49.99
85.34	49.99
85.37	49.99
85.39	49.99
85.42	49.99
85.44	49.99
85.47	49.99
85.49	49.99
85.51	49.99
85.54	49.99
85.56	49.99
85.59	49.99
85.61	49.99
85.64	49.99
85.66	49.99
85.68	49.99
85.71	49.99
85.73	49.99
85.76	49.99
85.78	49.99
85.81	49.99
85.83	49.99
85.86	49.99
85.88	49.99
85.90	49.99
85.93	49.99
85.95	49.99
85.98	49.99
86.00	49.99
86.03	49.99
86.05	49.99
86.08	49.99
86.10	49.99
86.12	49.99
86.15	49.99
86.17	49.99
86.20	49.99
86.22	49.99
86.25	49.99
86.27	49.99
86.30	49.99
86.32	49.99
86.34	49.99
86.37	49.99
86.39	49.99
86.42	49.99
86.44	49.99
86.47	49.99
86.49	49.99
86.52	49.99
86.54	49.99
86.56	49.99
86.59	49.99
86.61	49.99
86.64	49.99
86.66	49.99
86.69	49.99
86.71	49.99
86.73	49.99
86.76	49.99
86.78	49.99
86.81	49.99
86.83	49.99
86.86	49.99
86.88	49.99
86.91	49.99
86.93	49.99
86.95	49.99
86.98	49.99
87.00	49.99
87.03	49.99
87.05	49.99
87.08	49.99
87.10	49.99
87.13	49.99
87.15	49.99
87.17	49.99
87.20	49.99
87.22	49.99
87.25	49.99
87.27	49.99
87.30	49.99
87.32	49.99
87.35	49.99
87.37	49.99
87.39	49.99
87.42	49.99
87.44	49.99
87.47	49.99
87.49	49.99
87.52	49.99
87.54	49.99
87.57	49.99
87.59	49.99
87.61	49.99
87.64	49.99
87.66	49.99
87.69	49.99
87.71	49.99
87.74	49.99
87.76	49.99
87.78	49.99
87.81	49.99
87.83	49.99
87.86	49.99
87.88	49.99
87.91	49.99
87.93	49.99
87.96	49.99
87.98	49.99
88.00	49.99
88.03	49.99
88.05	49.99
88.08	49.99
88.10	49.99
88.13	49.99
88.15	49.99
88.18	49.99
88.20	49.99
88.22	49.99
88.25	49.99
88.27	49.99
88.30	49.99
88.32	49.99
88.35	49.99
88.37	49.99
88.40	49.99
88.42	49.99
88.44	49.99
88.47	49.99
88.49	49.99
88.52	49.99
88.54	49.99
88.57	49.99
88.59	49.99
88.62	49.99
88.64	49.99
88.66	49.99
88.69	49.99
88.71	49.99
88.74	49.99
88.76	49.99
88.79	49.99
88.81	49.99
88.83	49.99
88.86	49.99
88.88	49.99
88.91	49.99
88.93	49.99
88.96	49.99
88.98	49.99
89.01	49.99
89.03	49.99
89.05	49.99
89.08	49.99
89.10	49.99
89.13	49.99
89.15	49.99
89.18	49.99
89.20	49.99
89.23	49.99
89.25	49.99
89.27	49.99
89.30	49.99
89.32	49.99
89.35	49.99
89.37	49.99
89.40	49.99
89.42	49.99
89.45	49.99
89.47	49.99
89.49	49.99
89.52	49.99
89.54	49.99
89.57	49.99
89.59	49.99
89.62	49.99
89.64	49.99
89.67	49.99
89.69	49.99
89.71	49.99
89.74	49.99
89.76	49.99
89.79	49.99
89.81	49.99
89.84	49.99
89.86	49.99
89.89	49.99
89.91	49.99
89.93	49.99
89.96	49.99
89.98	49.99
90.01	49.99
90.03	49.99
90.06	49.99
90.08	49.99
90.10	49.99
90.13	49.99
90.15	49.99
90.18	49.99
90.20	49.99
90.23	49.99
90.25	49.99
90.28	49.99
90.30	49.99
90.32	49.99
90.35	49.99
90.37	49.99
90.40	49.99
90.42	49.99
90.45	49.99
90.47	49.99
90.50	49.99
90.52	49.99
90.54	49.99
90.57	49.99
90.59	49.99
90.62	49.99
90.64	49.99
90.67	49.99
90.69	49.99
90.72	49.99
90.74	49.99
90.76	49.99
90.79	49.99
90.81	49.99
90.84	49.99
90.86	49.99
90.89	49.99
90.91	49.99
90.94	49.99
90.96	49.99
90.98	49.99
91.01	49.99
91.03	49.99
91.06	49.99
91.08	49.99
91.11	49.99
91.13	49.99
91.15	49.99
91.18	49.99
91.20	49.99
91.23	49.99
91.25	49.99
91.28	49.99
91.30	49.99
91.33	49.99
91.35	49.99
91.37	49.99
91.40	49.99
91.42	49.99
91.45	49.99
91.47	49.99
91.50	49.99
91.52	49.99
91.55	49.99
91.57	49.99
91.59	49.99
91.62	49.99
91.64	49.99
91.67	49.99
91.69	49.99
91.72	49.99
91.74	49.99
91.77	49.99
91.79	49.99
91.81	49.99
91.84	49.99
91.86	49.99
91.89	49.99
91.91	49.99
91.94	49.99
91.96	49.99
91.99	49.99
92.01	49.99
92.03	49.99
92.06	49.99
92.08	49.99
92.11	49.99
92.13	49.99
92.16	49.99
92.18	49.99
92.20	49.99
92.23	49.99
92.25	49.99
92.28	49.99
92.30	49.99
92.33	49.99
92.35	49.99
92.38	49.99
92.40	49.99
92.42	49.99
92.45	49.99
92.47	49.99
92.50	49.99
92.52	49.99
92.55	49.99
92.57	49.99
92.60	49.99
92.62	49.99
92.64	49.99
92.67	49.99
92.69	49.99
92.72	49.99
92.74	49.99
92.77	49.99
92.79	49.99
92.82	49.99
92.84	49.99
92.86	49.99
92.89	49.99
92.91	49.99
92.94	49.99
92.96	49.99
92.99	49.99
93.01	49.99
93.04	49.99
93.06	49.99
93.08	49.99
93.11	49.99
93.13	49.99
93.16	49.99
93.18	49.99
93.21	49.99
93.23	49.99
93.25	49.99
93.28	49.99
93.30	49.99
93.33	49.99
93.35	49.99
93.38	49.99
93.40	49.99
93.43	49.99
93.45	49.99
93.47	49.99
93.50	49.99
93.52	49.99
93.55	49.99
93.57	49.99
93.60	49.99
93.62	49.99
93.65	49.99
93.67	49.99
93.69	49.99
93.72	49.99
93.74	49.99
93.77	49.99
93.79	49.99
93.82	49.99
93.84	49.99
93.87	49.99
93.89	49.99
93.91	49.99
93.94	49.99
93.96	49.99
93.99	49.99
94.01	49.99
94.04	49.99
94.06	49.99
94.09	49.99
94.11	49.99
94.13	49.99
94.16	49.99
94.18	49.99
94.21	49.99
94.23	49.99
94.26	49.99
94.28	49.99
94.31	49.99
94.33	49.99
94.35	49.99
94.38	49.99
94.40	49.99
94.43	49.99
94.45	49.99
94.48	49.99
94.50	49.99
94.52	49.99
94.55	49.99
94.57	49.99
94.60	49.99
94.62	49.99
94.65	49.99
94.67	49.99
94.70	49.99
94.72	49.99
94.74	49.99
94.77	49.99
94.79	49.99
94.82	49.99
94.84	49.99
94.87	49.99
94.89	49.99
94.92	49.99
94.94	49.99
94.96	49.99
94.99	49.99
95.01	49.99
95.04	49.99
95.06	49.99
95.09	49.99
95.11	49.99
95.14	49.99
95.16	49.99
95.18	49.99
95.21	49.99
95.23	49.99
95.26	49.99
95.28	49.99
95.31	49.99
95.33	49.99
95.36	49.99
95.38	49.99
95.40	49.99
95.43	49.99
95.45	49.99
95.48	49.99
95.50	49.99
95.53	49.99
95.55	49.99
95.57	49.99
95.60	49.99
95.62	49.99
95.65	49.99
95.67	49.99
95.70	49.99
95.72	49.99
95.75	49.99
95.77	49.99
95.79	49.99
95.82	49.99
95.84	49.99
95.87	49.99
95.89	49.99
95.92	49.99
95.94	49.99
95.97	49.99
95.99	49.99
96.01	49.99
96.04	49.99
96.06	49.99
96.09	49.99
96.11	49.99
96.14	49.99
96.16	49.99
96.19	49.99
96.21	49.99
96.23	49.99
96.26	49.99
96.28	49.99
96.31	49.99
96.33	49.99
96.36	49.99
96.38	49.99
96.41	49.99
96.43	49.99
96.45	49.99
96.48	49.99
96.50	49.99
96.53	49.99
96.55	49.99
96.58	49.99
96.60	49.99
96.62	49.99
96.65	49.99
96.67	49.99
96.70	49.99
96.72	49.99
96.75	49.99
96.77	49.99
96.80	49.99
96.82	49.99
96.84	49.99
96.87	49.99
96.89	49.99
96.92	49.99
96.94	49.99
96.97	49.99
96.99	49.99
97.02	49.99
97.04	49.99
97.06	49.99
97.09	49.99
97.11	49.99
97.14	49.99
97.16	49.99
97.19	49.99
97.21	49.99
97.24	49.99
97.26	49.99
97.28	49.99
97.31	49.99
97.33	49.99
97.36	49.99
97.38	49.99
97.41	49.99
97.43	49.99
97.46	49.99
97.48	49.99
97.50	49.99
97.53	49.99
97.55	49.99
97.58	49.99
97.60	49.99
97.63	49.99
97.65	49.99
97.68	49.99
97.70	49.99
97.72	49.99
97.75	49.99
97.77	49.99
97.80	49.99
97.82	49.99
97.85	49.99
97.87	49.99
97.89	49.99
