Voltage U1	Corriente IA
U1/V	IA/nA

0.02	0.25
0.04	0.24
0.07	0.22
0.09	0.23
0.12	0.21
0.14	0.20
0.17	0.19
0.19	0.18
0.21	0.16
0.24	0.15
0.26	0.14
0.29	0.13
0.31	0.11
0.34	0.11
0.36	0.09
0.39	0.09
0.41	0.11
0.43	0.09
0.46	0.09
0.48	0.10
0.51	0.09
0.53	0.09
0.56	0.09
0.58	0.10
0.61	0.09
0.63	0.09
0.65	0.11
0.68	0.10
0.70	0.10
0.73	0.11
0.75	0.09
0.78	0.09
0.80	0.09
0.83	0.09
0.85	0.09
0.87	0.09
0.90	0.10
0.92	0.09
0.95	0.09
0.97	0.11
1.00	0.10
1.02	0.10
1.05	0.10
1.07	0.09
1.09	0.09
1.12	0.09
1.14	0.09
1.17	0.09
1.19	0.08
1.22	0.10
1.24	0.09
1.26	0.09
1.29	0.10
1.31	0.09
1.34	0.09
1.36	0.09
1.39	0.09
1.41	0.09
1.44	0.09
1.46	0.09
1.48	0.09
1.51	0.09
1.53	0.10
1.56	0.09
1.58	0.09
1.61	0.10
1.63	0.08
1.66	0.08
1.68	0.08
1.70	0.08
1.73	0.08
1.75	0.08
1.78	0.09
1.80	0.09
1.83	0.09
1.85	0.10
1.88	0.08
1.90	0.08
1.92	0.09
1.95	0.08
1.97	0.08
2.00	0.08
2.02	0.09
2.05	0.08
2.07	0.08
2.10	0.10
2.12	0.08
2.14	0.08
2.17	0.09
2.19	0.08
2.22	0.08
2.24	0.08
2.27	0.08
2.29	0.08
2.31	0.08
2.34	0.10
2.36	0.09
2.39	0.09
2.41	0.10
2.44	0.09
2.46	0.09
2.49	0.09
2.51	0.09
2.53	0.09
2.56	0.09
2.58	0.10
2.61	0.09
2.63	0.09
2.66	0.11
2.68	0.09
2.71	0.09
2.73	0.10
2.75	0.09
2.78	0.09
2.80	0.09
2.83	0.09
2.85	0.09
2.88	0.09
2.90	0.10
2.93	0.10
2.95	0.10
2.97	0.11
3.00	0.10
3.02	0.10
3.05	0.10
3.07	0.09
3.10	0.09
3.12	0.09
3.15	0.10
3.17	0.09
3.19	0.09
3.22	0.10
3.24	0.09
3.27	0.09
3.29	0.10
3.32	0.08
3.34	0.08
3.36	0.08
3.39	0.08
3.41	0.08
3.44	0.08
3.46	0.10
3.49	0.09
3.51	0.09
3.54	0.10
3.56	0.08
3.58	0.08
3.61	0.09
3.63	0.08
3.66	0.08
3.68	0.08
3.71	0.09
3.73	0.09
3.76	0.08
3.78	0.09
3.80	0.09
3.83	0.09
3.85	0.09
3.88	0.08
3.90	0.08
3.93	0.08
3.95	0.08
3.98	0.08
4.00	0.08
4.02	0.09
4.05	0.09
4.07	0.09
4.10	0.10
4.12	0.08
4.15	0.08
4.17	0.09
4.20	0.08
4.22	0.08
4.24	0.08
4.27	0.09
4.29	0.08
4.32	0.08
4.34	0.10
4.37	0.09
4.39	0.09
4.42	0.10
4.44	0.09
4.46	0.09
4.49	0.09
4.51	0.09
4.54	0.09
4.56	0.09
4.59	0.10
4.61	0.10
4.63	0.10
4.66	0.11
4.68	0.10
4.71	0.10
4.73	0.10
4.76	0.10
4.78	0.10
4.81	0.10
4.83	0.11
4.85	0.11
4.88	0.11
4.90	0.13
4.93	0.12
4.95	0.12
4.98	0.13
5.00	0.12
5.03	0.12
5.05	0.12
5.07	0.12
5.10	0.12
5.12	0.12
5.15	0.14
5.17	0.13
5.20	0.13
5.22	0.15
5.25	0.13
5.27	0.13
5.29	0.15
5.32	0.14
5.34	0.14
5.37	0.15
5.39	0.16
5.42	0.15
5.44	0.15
5.47	0.17
5.49	0.15
5.51	0.15
5.54	0.17
5.56	0.15
5.59	0.15
5.61	0.16
5.64	0.17
5.66	0.17
5.68	0.17
5.71	0.18
5.73	0.17
5.76	0.17
5.78	0.19
5.81	0.17
5.83	0.17
5.86	0.18
5.88	0.17
5.90	0.17
5.93	0.18
5.95	0.19
5.98	0.18
6.00	0.18
6.03	0.20
6.05	0.18
6.08	0.18
6.10	0.20
6.12	0.18
6.15	0.18
6.17	0.20
6.20	0.20
6.22	0.19
6.25	0.20
6.27	0.21
6.30	0.19
6.32	0.19
6.34	0.22
6.37	0.20
6.39	0.20
6.42	0.22
6.44	0.21
6.47	0.21
6.49	0.22
6.52	0.22
6.54	0.22
6.56	0.22
6.59	0.24
6.61	0.22
6.64	0.22
6.66	0.24
6.69	0.22
6.71	0.22
6.73	0.24
6.76	0.24
6.78	0.23
6.81	0.24
6.83	0.25
6.86	0.23
6.88	0.23
6.91	0.26
6.93	0.23
6.95	0.24
6.98	0.25
7.00	0.24
7.03	0.24
7.05	0.25
7.08	0.26
7.10	0.25
7.13	0.25
7.15	0.27
7.17	0.25
7.20	0.25
7.22	0.28
7.25	0.26
7.27	0.26
7.30	0.27
7.32	0.27
7.35	0.26
7.37	0.27
7.39	0.28
7.42	0.26
7.44	0.26
7.47	0.29
7.49	0.26
7.52	0.26
7.54	0.29
7.57	0.28
7.59	0.28
7.61	0.29
7.64	0.30
7.66	0.28
7.69	0.28
7.71	0.30
7.74	0.28
7.76	0.28
7.78	0.31
7.81	0.29
7.83	0.29
7.86	0.31
7.88	0.31
7.91	0.30
7.93	0.31
7.96	0.32
7.98	0.30
8.00	0.30
8.03	0.32
8.05	0.30
8.08	0.30
8.10	0.32
8.13	0.31
8.15	0.31
8.18	0.33
8.20	0.33
8.22	0.31
8.25	0.32
8.27	0.34
8.30	0.32
8.32	0.32
8.35	0.35
8.37	0.32
8.40	0.32
8.42	0.34
8.44	0.34
8.47	0.33
8.49	0.34
8.52	0.35
8.54	0.33
8.57	0.33
8.59	0.36
8.62	0.34
8.64	0.34
8.66	0.36
8.69	0.35
8.71	0.35
8.74	0.37
8.76	0.37
8.79	0.35
8.81	0.36
8.84	0.37
8.86	0.35
8.88	0.35
8.91	0.37
8.93	0.35
8.96	0.35
8.98	0.38
9.01	0.38
9.03	0.37
9.05	0.38
9.08	0.39
9.10	0.37
9.13	0.37
9.15	0.39
9.18	0.36
9.20	0.36
9.23	0.39
9.25	0.38
9.27	0.38
9.30	0.40
9.32	0.40
9.35	0.38
9.37	0.39
9.40	0.41
9.42	0.38
9.45	0.38
9.47	0.41
9.49	0.40
9.52	0.40
9.54	0.42
9.57	0.42
9.59	0.40
9.62	0.42
9.64	0.43
9.67	0.40
9.69	0.41
9.71	0.43
9.74	0.41
9.76	0.41
9.79	0.43
9.81	0.42
9.84	0.42
9.86	0.44
9.89	0.44
9.91	0.42
9.93	0.43
9.96	0.44
9.98	0.42
10.01	0.42
10.03	0.46
10.06	0.44
10.08	0.44
10.10	0.46
10.13	0.46
10.15	0.44
10.18	0.46
10.20	0.47
10.23	0.45
10.25	0.46
10.28	0.48
10.30	0.46
10.32	0.46
10.35	0.49
10.37	0.48
10.40	0.47
10.42	0.50
10.45	0.51
10.47	0.48
10.50	0.50
10.52	0.51
10.54	0.49
10.57	0.50
10.59	0.52
10.62	0.50
10.64	0.50
10.67	0.52
10.69	0.51
10.72	0.50
10.74	0.52
10.76	0.53
10.79	0.50
10.81	0.51
10.84	0.54
10.86	0.51
10.89	0.51
10.91	0.54
10.94	0.53
10.96	0.52
10.98	0.55
11.01	0.55
11.03	0.52
11.06	0.54
11.08	0.55
11.11	0.52
11.13	0.53
11.15	0.56
11.18	0.54
11.20	0.53
11.23	0.56
11.25	0.56
11.28	0.54
11.30	0.56
11.33	0.57
11.35	0.55
11.37	0.57
11.40	0.59
11.42	0.56
11.45	0.57
11.47	0.60
11.50	0.58
11.52	0.57
11.55	0.60
11.57	0.60
11.59	0.57
11.62	0.59
11.64	0.61
11.67	0.58
11.69	0.59
11.72	0.62
11.74	0.60
11.77	0.60
11.79	0.62
11.81	0.61
11.84	0.59
11.86	0.62
11.89	0.63
11.91	0.61
11.94	0.62
11.96	0.65
11.99	0.62
12.01	0.62
12.03	0.65
12.06	0.63
12.08	0.62
12.11	0.65
12.13	0.65
12.16	0.63
12.18	0.65
12.21	0.66
12.23	0.64
12.25	0.65
12.28	0.68
12.30	0.65
12.33	0.64
12.35	0.68
12.38	0.67
12.40	0.65
12.42	0.68
12.45	0.69
12.47	0.67
12.50	0.68
12.52	0.68
12.55	0.66
12.57	0.66
12.60	0.69
12.62	0.67
12.64	0.66
12.67	0.69
12.69	0.69
12.72	0.66
12.74	0.69
12.77	0.71
12.79	0.68
12.82	0.69
12.84	0.72
12.86	0.71
12.89	0.70
12.91	0.73
12.94	0.73
12.96	0.71
12.99	0.74
13.01	0.75
13.04	0.72
13.06	0.74
13.08	0.76
13.11	0.74
13.13	0.74
13.16	0.77
13.18	0.77
13.21	0.76
13.23	0.79
13.26	0.79
13.28	0.76
13.30	0.79
13.33	0.80
13.35	0.78
13.38	0.79
13.40	0.82
13.43	0.79
13.45	0.79
13.47	0.82
13.50	0.81
13.52	0.79
13.55	0.82
13.57	0.83
13.60	0.81
13.62	0.82
13.65	0.84
13.67	0.82
13.69	0.83
13.72	0.86
13.74	0.83
13.77	0.83
13.79	0.85
13.82	0.86
13.84	0.83
13.87	0.86
13.89	0.88
13.91	0.85
13.94	0.87
13.96	0.90
13.99	0.88
14.01	0.87
14.04	0.90
14.06	0.89
14.09	0.88
14.11	0.91
14.13	0.91
14.16	0.89
14.18	0.91
14.21	0.93
14.23	0.91
14.26	0.91
14.28	0.94
14.31	0.92
14.33	0.91
14.35	0.94
14.38	0.94
14.40	0.93
14.43	0.95
14.45	0.96
14.48	0.93
14.50	0.95
14.52	0.97
14.55	0.95
14.57	0.95
14.60	0.98
14.62	0.97
14.65	0.95
14.67	0.98
14.70	0.99
14.72	0.97
14.74	0.98
14.77	0.99
14.79	0.97
14.82	0.98
14.84	1.00
14.87	0.99
14.89	0.98
14.92	1.01
14.94	1.01
14.96	0.98
14.99	1.01
15.01	1.02
15.04	0.99
15.06	1.00
15.09	1.03
15.11	1.00
15.14	1.00
15.16	1.03
15.18	1.02
15.21	1.00
15.23	1.03
15.26	1.03
15.28	1.00
15.31	1.03
15.33	1.04
15.36	1.02
15.38	1.02
15.40	1.05
15.43	1.03
15.45	1.01
15.48	1.04
15.50	1.03
15.53	1.01
15.55	1.03
15.57	1.03
15.60	1.01
15.62	1.02
15.65	1.04
15.67	1.01
15.70	1.00
15.72	1.03
15.75	1.01
15.77	1.00
15.79	1.02
15.82	1.02
15.84	0.99
15.87	1.00
15.89	1.01
15.92	0.98
15.94	0.98
15.97	1.00
15.99	0.98
16.01	0.97
16.04	0.99
16.06	0.98
16.09	0.95
16.11	0.97
16.14	0.98
16.16	0.94
16.19	0.94
16.21	0.96
16.23	0.93
16.26	0.92
16.28	0.95
16.31	0.93
16.33	0.91
16.36	0.93
16.38	0.93
16.41	0.90
16.43	0.91
16.45	0.92
16.48	0.89
16.50	0.89
16.53	0.91
16.55	0.88
16.58	0.87
16.60	0.89
16.63	0.88
16.65	0.84
16.67	0.86
16.70	0.86
16.72	0.83
16.75	0.84
16.77	0.85
16.80	0.81
16.82	0.80
16.84	0.83
16.87	0.81
16.89	0.78
16.92	0.80
16.94	0.80
16.97	0.76
16.99	0.77
17.02	0.78
17.04	0.75
17.06	0.75
17.09	0.76
17.11	0.74
17.14	0.72
17.16	0.74
17.19	0.73
17.21	0.70
17.24	0.72
17.26	0.73
17.28	0.70
17.31	0.70
17.33	0.72
17.36	0.69
17.38	0.68
17.41	0.70
17.43	0.68
17.46	0.67
17.48	0.69
17.50	0.68
17.53	0.65
17.55	0.67
17.58	0.67
17.60	0.64
17.63	0.64
17.65	0.66
17.68	0.64
17.70	0.62
17.72	0.65
17.75	0.64
17.77	0.61
17.80	0.63
17.82	0.63
17.85	0.60
17.87	0.61
17.89	0.62
17.92	0.59
17.94	0.59
17.97	0.61
17.99	0.59
18.02	0.57
18.04	0.60
18.07	0.59
18.09	0.56
18.11	0.57
18.14	0.58
18.16	0.55
18.19	0.55
18.21	0.58
18.24	0.55
18.26	0.54
18.29	0.56
18.31	0.55
18.33	0.53
18.36	0.55
18.38	0.55
18.41	0.52
18.43	0.53
18.46	0.55
18.48	0.52
18.51	0.52
18.53	0.54
18.55	0.52
18.58	0.51
18.60	0.53
18.63	0.52
18.65	0.50
18.68	0.50
18.70	0.51
18.73	0.48
18.75	0.49
18.77	0.51
18.80	0.49
18.82	0.48
18.85	0.50
18.87	0.49
18.90	0.47
18.92	0.49
18.94	0.49
18.97	0.46
18.99	0.47
19.02	0.48
19.04	0.45
19.07	0.45
19.09	0.47
19.12	0.44
19.14	0.43
19.16	0.46
19.19	0.45
19.21	0.43
19.24	0.44
19.26	0.45
19.29	0.42
19.31	0.42
19.34	0.44
19.36	0.42
19.38	0.41
19.41	0.43
19.43	0.42
19.46	0.41
19.48	0.42
19.51	0.42
19.53	0.40
19.56	0.40
19.58	0.42
19.60	0.39
19.63	0.38
19.65	0.41
19.68	0.40
19.70	0.39
19.73	0.42
19.75	0.41
19.78	0.39
19.80	0.40
19.82	0.40
19.85	0.37
19.87	0.37
19.90	0.39
19.92	0.36
19.95	0.36
19.97	0.38
19.99	0.37
20.02	0.36
20.04	0.37
20.07	0.38
20.09	0.35
20.12	0.35
20.14	0.37
20.17	0.34
20.19	0.34
20.21	0.36
20.24	0.34
20.26	0.34
20.29	0.36
20.31	0.35
20.34	0.33
20.36	0.33
20.39	0.35
20.41	0.32
20.43	0.32
20.46	0.35
20.48	0.32
20.51	0.32
20.53	0.34
20.56	0.33
20.58	0.32
20.61	0.33
20.63	0.33
20.65	0.31
20.68	0.31
20.70	0.33
20.73	0.30
20.75	0.30
20.78	0.32
20.80	0.30
20.83	0.30
20.85	0.32
20.87	0.31
20.90	0.30
20.92	0.30
20.95	0.30
20.97	0.28
21.00	0.28
21.02	0.30
21.05	0.27
21.07	0.27
21.09	0.30
21.12	0.28
21.14	0.28
21.17	0.29
21.19	0.30
21.22	0.28
21.24	0.28
21.26	0.30
21.29	0.28
21.31	0.28
21.34	0.30
21.36	0.30
21.39	0.30
21.41	0.32
21.44	0.32
21.46	0.31
21.48	0.32
21.51	0.34
21.53	0.33
21.56	0.33
21.58	0.37
21.61	0.37
21.63	0.38
21.66	0.41
21.68	0.42
21.70	0.43
21.73	0.46
21.75	0.48
21.78	0.47
21.80	0.50
21.83	0.54
21.85	0.54
21.88	0.56
21.90	0.62
21.92	0.64
21.95	0.66
21.97	0.71
22.00	0.75
22.02	0.76
22.05	0.81
22.07	0.86
22.10	0.87
22.12	0.92
22.14	0.99
22.17	1.01
22.19	1.04
22.22	1.12
22.24	1.16
22.27	1.18
22.29	1.25
22.31	1.30
22.34	1.32
22.36	1.39
22.39	1.45
22.41	1.47
22.44	1.53
22.46	1.60
22.49	1.63
22.51	1.67
22.53	1.75
22.56	1.79
22.58	1.81
22.61	1.89
22.63	1.95
22.66	1.97
22.68	2.03
22.71	2.10
22.73	2.13
22.75	2.17
22.78	2.25
22.80	2.28
22.83	2.32
22.85	2.39
22.88	2.44
22.90	2.46
22.93	2.52
22.95	2.58
22.97	2.60
23.00	2.65
23.02	2.72
23.05	2.75
23.07	2.79
23.10	2.86
23.12	2.90
23.15	2.92
23.17	2.99
23.19	3.04
23.22	3.06
23.24	3.11
23.27	3.18
23.29	3.20
23.32	3.24
23.34	3.31
23.36	3.34
23.39	3.37
23.41	3.44
23.44	3.48
23.46	3.49
23.49	3.54
23.51	3.60
23.54	3.62
23.56	3.66
23.58	3.74
23.61	3.75
23.63	3.79
23.66	3.86
23.68	3.89
23.71	3.89
23.73	3.96
23.76	4.01
23.78	4.02
23.80	4.07
23.83	4.14
23.85	4.15
23.88	4.18
23.90	4.24
23.93	4.27
23.95	4.29
23.98	4.36
24.00	4.39
24.02	4.41
24.05	4.47
24.07	4.51
24.10	4.52
24.12	4.57
24.15	4.63
24.17	4.65
24.20	4.68
24.22	4.73
24.24	4.76
24.27	4.78
24.29	4.84
24.32	4.88
24.34	4.89
24.37	4.94
24.39	5.00
24.42	5.00
24.44	5.04
24.46	5.10
24.49	5.12
24.51	5.14
24.54	5.20
24.56	5.23
24.59	5.24
24.61	5.29
24.63	5.34
24.66	5.34
24.68	5.38
24.71	5.43
24.73	5.45
24.76	5.47
24.78	5.53
24.81	5.55
24.83	5.56
24.85	5.61
24.88	5.65
24.90	5.66
24.93	5.69
24.95	5.74
24.98	5.74
25.00	5.78
25.03	5.83
25.05	5.85
25.07	5.87
25.10	5.92
25.12	5.94
25.15	5.95
25.17	6.00
25.20	6.04
25.22	6.04
25.25	6.07
25.27	6.14
25.29	6.14
25.32	6.16
25.34	6.22
25.37	6.23
25.39	6.24
25.42	6.28
25.44	6.31
25.47	6.32
25.49	6.36
25.51	6.40
25.54	6.40
25.56	6.43
25.59	6.49
25.61	6.50
25.64	6.51
25.66	6.56
25.68	6.58
25.71	6.58
25.73	6.62
25.76	6.66
25.78	6.66
25.81	6.68
25.83	6.73
25.86	6.74
25.88	6.75
25.90	6.80
25.93	6.81
25.95	6.81
25.98	6.87
26.00	6.89
26.03	6.89
26.05	6.92
26.08	6.96
26.10	6.96
26.12	6.98
26.15	7.02
26.17	7.03
26.20	7.04
26.22	7.09
26.25	7.11
26.27	7.10
26.30	7.14
26.32	7.17
26.34	7.17
26.37	7.19
26.39	7.24
26.42	7.24
26.44	7.25
26.47	7.30
26.49	7.31
26.52	7.31
26.54	7.35
26.56	7.37
26.59	7.37
26.61	7.40
26.64	7.43
26.66	7.42
26.69	7.44
26.71	7.48
26.73	7.48
26.76	7.49
26.78	7.53
26.81	7.53
26.83	7.54
26.86	7.60
26.88	7.59
26.91	7.60
26.93	7.66
26.95	7.67
26.98	7.65
27.00	7.69
27.03	7.73
27.05	7.71
27.08	7.73
27.10	7.78
27.13	7.77
27.15	7.76
27.17	7.83
27.20	7.83
27.22	7.81
27.25	7.86
27.27	7.89
27.30	7.86
27.32	7.90
27.35	7.94
27.37	7.92
27.39	7.92
27.42	7.98
27.44	7.97
27.47	7.98
27.49	8.02
27.52	8.01
27.54	8.02
27.57	8.04
27.59	8.04
27.61	8.04
27.64	8.08
27.66	8.09
27.69	8.09
27.71	8.11
27.74	8.14
27.76	8.12
27.78	8.14
27.81	8.18
27.83	8.17
27.86	8.17
27.88	8.22
27.91	8.22
27.93	8.21
27.96	8.25
27.98	8.27
28.00	8.26
28.03	8.28
28.05	8.31
28.08	8.30
28.10	8.31
28.13	8.35
28.15	8.35
28.18	8.35
28.20	8.39
28.22	8.40
28.25	8.39
28.27	8.41
28.30	8.44
28.32	8.43
28.35	8.44
28.37	8.48
28.40	8.48
28.42	8.48
28.44	8.52
28.47	8.53
28.49	8.52
28.52	8.55
28.54	8.57
28.57	8.55
28.59	8.57
28.62	8.61
28.64	8.59
28.66	8.60
28.69	8.64
28.71	8.65
28.74	8.64
28.76	8.67
28.79	8.69
28.81	8.67
28.84	8.70
28.86	8.73
28.88	8.72
28.91	8.73
28.93	8.77
28.96	8.76
28.98	8.76
29.01	8.80
29.03	8.81
29.05	8.79
29.08	8.82
29.10	8.85
29.13	8.83
29.15	8.85
29.18	8.88
29.20	8.87
29.23	8.88
29.25	8.92
29.27	8.91
29.30	8.91
29.32	8.95
29.35	8.96
29.37	8.94
29.40	8.97
29.42	9.00
29.45	8.98
29.47	8.99
29.49	9.01
29.52	9.00
29.54	9.00
29.57	9.03
29.59	9.04
29.62	9.03
29.64	9.06
29.67	9.07
29.69	9.05
29.71	9.08
29.74	9.11
29.76	9.09
29.79	9.10
29.81	9.14
29.84	9.13
29.86	9.12
29.89	9.16
29.91	9.17
29.93	9.16
29.96	9.19
29.98	9.20
30.01	9.19
30.03	9.20
30.06	9.23
30.08	9.22
30.10	9.22
30.13	9.26
30.15	9.29
30.18	9.27
30.20	9.30
30.23	9.32
30.25	9.31
30.28	9.32
30.30	9.35
30.32	9.34
30.35	9.35
30.37	9.39
30.40	9.38
30.42	9.37
30.45	9.41
30.47	9.42
30.50	9.40
30.52	9.43
30.54	9.44
30.57	9.43
30.59	9.44
30.62	9.47
30.64	9.47
30.67	9.47
30.69	9.50
30.72	9.51
30.74	9.50
30.76	9.53
30.79	9.52
30.81	9.51
30.84	9.53
30.86	9.56
30.89	9.54
30.91	9.55
30.94	9.58
30.96	9.57
30.98	9.56
31.01	9.60
31.03	9.61
31.06	9.59
31.08	9.61
31.11	9.63
31.13	9.61
31.15	9.63
31.18	9.66
31.20	9.65
31.23	9.65
31.25	9.68
31.28	9.68
31.30	9.67
31.33	9.70
31.35	9.71
31.37	9.70
31.40	9.71
31.42	9.73
31.45	9.73
31.47	9.74
31.50	9.76
31.52	9.76
31.55	9.75
31.57	9.78
31.59	9.79
31.62	9.77
31.64	9.79
31.67	9.81
31.69	9.78
31.72	9.79
31.74	9.82
31.77	9.80
31.79	9.79
31.81	9.81
31.84	9.81
31.86	9.79
31.89	9.81
31.91	9.81
31.94	9.78
31.96	9.79
31.99	9.80
32.01	9.77
32.03	9.77
32.06	9.79
32.08	9.77
32.11	9.74
32.13	9.75
32.16	9.75
32.18	9.71
32.20	9.71
32.23	9.71
32.25	9.67
32.28	9.66
32.30	9.67
32.33	9.63
32.35	9.60
32.38	9.61
32.40	9.58
32.42	9.53
32.45	9.54
32.47	9.52
32.50	9.47
32.52	9.45
32.55	9.45
32.57	9.39
32.60	9.36
32.62	9.36
32.64	9.31
32.67	9.26
32.69	9.25
32.72	9.22
32.74	9.16
32.77	9.15
32.79	9.13
32.82	9.06
32.84	9.03
32.86	9.02
32.89	8.96
32.91	8.91
32.94	8.89
32.96	8.85
32.99	8.78
33.01	8.76
33.04	8.73
33.06	8.66
33.08	8.64
33.11	8.61
33.13	8.54
33.16	8.50
33.18	8.48
33.21	8.42
33.23	8.36
33.26	8.33
33.28	8.28
33.30	8.21
33.33	8.18
33.35	8.15
33.38	8.07
33.40	8.03
33.43	8.00
33.45	7.93
33.47	7.88
33.50	7.85
33.52	7.79
33.55	7.71
33.57	7.68
33.60	7.64
33.62	7.56
33.65	7.51
33.67	7.49
33.69	7.41
33.72	7.35
33.74	7.32
33.77	7.25
33.79	7.19
33.82	7.16
33.84	7.10
33.87	7.02
33.89	6.98
33.91	6.94
33.94	6.86
33.96	6.82
33.99	6.79
34.01	6.72
34.04	6.65
34.06	6.62
34.09	6.56
34.11	6.48
34.13	6.44
34.16	6.39
34.18	6.31
34.21	6.27
34.23	6.24
34.26	6.16
34.28	6.11
34.31	6.08
34.33	6.00
34.35	5.92
34.38	5.90
34.40	5.84
34.43	5.76
34.45	5.72
34.48	5.68
34.50	5.60
34.52	5.56
34.55	5.53
34.57	5.46
34.60	5.39
34.62	5.36
34.65	5.30
34.67	5.22
34.70	5.20
34.72	5.15
34.74	5.07
34.77	5.04
34.79	5.00
34.82	4.93
34.84	4.88
34.87	4.85
34.89	4.79
34.92	4.72
34.94	4.69
34.96	4.64
34.99	4.57
35.01	4.54
35.04	4.51
35.06	4.44
35.09	4.40
35.11	4.38
35.14	4.30
35.16	4.25
35.18	4.23
35.21	4.18
35.23	4.11
35.26	4.09
35.28	4.05
35.31	3.98
35.33	3.95
35.36	3.92
35.38	3.85
35.40	3.81
35.43	3.79
35.45	3.73
35.48	3.67
35.50	3.66
35.53	3.62
35.55	3.55
35.57	3.52
35.60	3.49
35.62	3.45
35.65	3.41
35.67	3.40
35.70	3.34
35.72	3.30
35.75	3.28
35.77	3.23
35.79	3.17
35.82	3.15
35.84	3.12
35.87	3.05
35.89	3.03
35.92	3.02
35.94	2.96
35.97	2.92
35.99	2.91
36.01	2.86
36.04	2.82
36.06	2.81
36.09	2.77
36.11	2.71
36.14	2.69
36.16	2.67
36.19	2.61
36.21	2.59
36.23	2.59
36.26	2.53
36.28	2.46
36.31	2.46
36.33	2.42
36.36	2.37
36.38	2.36
36.41	2.33
36.43	2.28
36.45	2.26
36.48	2.25
36.50	2.20
36.53	2.17
36.55	2.17
36.58	2.12
36.60	2.07
36.62	2.07
36.65	2.04
36.67	1.99
36.70	1.98
36.72	1.96
36.75	1.91
36.77	1.88
36.80	1.88
36.82	1.84
36.84	1.80
36.87	1.80
36.89	1.77
36.92	1.72
36.94	1.72
36.97	1.70
36.99	1.65
37.02	1.63
37.04	1.63
37.06	1.58
37.09	1.56
37.11	1.56
37.14	1.52
37.16	1.48
37.19	1.48
37.21	1.46
37.24	1.41
37.26	1.40
37.28	1.39
37.31	1.34
37.33	1.33
37.36	1.33
37.38	1.29
37.41	1.26
37.43	1.26
37.46	1.23
37.48	1.19
37.50	1.19
37.53	1.17
37.55	1.13
37.58	1.12
37.60	1.12
37.63	1.08
37.65	1.06
37.68	1.06
37.70	1.03
37.72	1.00
37.75	1.01
37.77	0.99
37.80	0.95
37.82	0.95
37.85	0.96
37.87	0.92
37.89	0.91
37.92	0.93
37.94	0.90
37.97	0.89
37.99	0.90
38.02	0.88
38.04	0.86
38.07	0.88
38.09	0.89
38.11	0.87
38.14	0.88
38.16	0.90
38.19	0.88
38.21	0.88
38.24	0.92
38.26	0.92
38.29	0.92
38.31	0.96
38.33	0.98
38.36	0.97
38.38	1.01
38.41	1.04
38.43	1.05
38.46	1.08
38.48	1.13
38.51	1.13
38.53	1.15
38.55	1.22
38.58	1.24
38.60	1.26
38.63	1.33
38.65	1.37
38.68	1.39
38.70	1.45
38.73	1.50
38.75	1.52
38.77	1.56
38.80	1.64
38.82	1.67
38.85	1.71
38.87	1.78
38.90	1.83
38.92	1.86
38.94	1.93
38.97	2.00
38.99	2.02
39.02	2.08
39.04	2.15
39.07	2.18
39.09	2.23
39.12	2.31
39.14	2.36
39.16	2.39
39.19	2.48
39.21	2.53
39.24	2.56
39.26	2.63
39.29	2.69
39.31	2.72
39.34	2.77
39.36	2.85
39.38	2.89
39.41	2.93
39.43	3.01
39.46	3.06
39.48	3.09
39.51	3.16
39.53	3.22
39.56	3.25
39.58	3.30
39.60	3.37
39.63	3.40
39.65	3.44
39.68	3.52
39.70	3.56
39.73	3.59
39.75	3.66
39.78	3.72
39.80	3.74
39.82	3.80
39.85	3.87
39.87	3.89
39.90	3.94
39.92	4.01
39.95	4.04
39.97	4.08
39.99	4.15
40.02	4.20
40.04	4.22
40.07	4.29
40.09	4.35
40.12	4.37
40.14	4.43
40.17	4.50
40.19	4.52
40.21	4.57
40.24	4.64
40.26	4.68
40.29	4.72
40.31	4.80
40.34	4.85
40.36	4.88
40.39	4.94
40.41	5.01
40.43	5.03
40.46	5.07
40.48	5.15
40.51	5.19
40.53	5.23
40.56	5.31
40.58	5.36
40.61	5.39
40.63	5.46
40.65	5.52
40.68	5.55
40.70	5.62
40.73	5.69
40.75	5.71
40.78	5.77
40.80	5.85
40.83	5.89
40.85	5.93
40.87	6.01
40.90	6.07
40.92	6.09
40.95	6.17
40.97	6.23
41.00	6.27
41.02	6.32
41.05	6.40
41.07	6.43
41.09	6.48
41.12	6.57
41.14	6.62
41.17	6.64
41.19	6.72
41.22	6.79
41.24	6.81
41.26	6.87
41.29	6.94
41.31	6.97
41.34	7.02
41.36	7.09
41.39	7.14
41.41	7.17
41.44	7.25
41.46	7.30
41.48	7.33
41.51	7.40
41.53	7.46
41.56	7.49
41.58	7.54
41.61	7.61
41.63	7.64
41.66	7.68
41.68	7.75
41.70	7.80
41.73	7.82
41.75	7.89
41.78	7.95
41.80	7.97
41.83	8.03
41.85	8.10
41.88	8.12
41.90	8.16
41.92	8.24
41.95	8.27
41.97	8.30
42.00	8.38
42.02	8.43
42.05	8.45
42.07	8.52
42.10	8.58
42.12	8.60
42.14	8.65
42.17	8.71
42.19	8.74
42.22	8.77
42.24	8.85
42.27	8.89
42.29	8.91
42.31	8.98
42.34	9.04
42.36	9.06
42.39	9.11
42.41	9.18
42.44	9.19
42.46	9.23
42.49	9.30
42.51	9.33
42.53	9.37
42.56	9.43
42.58	9.48
42.61	9.50
42.63	9.56
42.66	9.62
42.68	9.63
42.71	9.68
42.73	9.75
42.75	9.77
42.78	9.80
42.80	9.87
42.83	9.91
42.85	9.92
42.88	9.98
42.90	10.03
42.93	10.05
42.95	10.10
42.97	10.16
43.00	10.17
43.02	10.20
43.05	10.27
43.07	10.30
43.10	10.32
43.12	10.38
43.15	10.42
43.17	10.43
43.19	10.49
43.22	10.53
43.24	10.55
43.27	10.58
43.29	10.65
43.32	10.66
43.34	10.69
43.36	10.75
43.39	10.78
43.41	10.79
43.44	10.86
43.46	10.90
43.49	10.91
43.51	10.96
43.54	11.01
43.56	11.02
43.58	11.05
43.61	11.11
43.63	11.12
43.66	11.14
43.68	11.20
43.71	11.24
43.73	11.23
43.76	11.28
43.78	11.33
43.80	11.34
43.83	11.38
43.85	11.44
43.88	11.45
43.90	11.48
43.93	11.54
43.95	11.57
43.98	11.58
44.00	11.64
44.02	11.67
44.05	11.68
44.07	11.72
44.10	11.77
44.12	11.78
44.15	11.81
44.17	11.87
44.20	11.88
44.22	11.90
44.24	11.96
44.27	11.99
44.29	12.00
44.32	12.05
44.34	12.09
44.37	12.10
44.39	12.15
44.41	12.21
44.44	12.22
44.46	12.24
44.49	12.29
44.51	12.31
44.54	12.31
44.56	12.37
44.59	12.40
44.61	12.41
44.63	12.45
44.66	12.51
44.68	12.51
44.71	12.53
44.73	12.59
44.76	12.60
44.78	12.62
44.81	12.67
44.83	12.69
44.85	12.70
44.88	12.75
44.90	12.79
44.93	12.79
44.95	12.83
44.98	12.88
45.00	12.89
45.03	12.90
45.05	12.95
45.07	12.97
45.10	12.98
45.12	13.03
45.15	13.06
45.17	13.07
45.20	13.11
45.22	13.16
45.25	13.16
45.27	13.18
45.29	13.23
45.32	13.23
45.34	13.25
45.37	13.31
45.39	13.33
45.42	13.34
45.44	13.38
45.47	13.42
45.49	13.42
45.51	13.45
45.54	13.50
45.56	13.50
45.59	13.52
45.61	13.57
45.64	13.58
45.66	13.59
45.68	13.64
45.71	13.67
45.73	13.67
45.76	13.71
45.78	13.75
45.81	13.75
45.83	13.77
45.86	13.83
45.88	13.84
45.90	13.85
45.93	13.90
45.95	13.92
45.98	13.92
46.00	13.96
46.03	13.99
46.05	13.99
46.08	14.02
46.10	14.07
46.12	14.07
46.15	14.08
46.17	14.13
46.20	14.15
46.22	14.16
46.25	14.20
46.27	14.23
46.30	14.23
46.32	14.26
46.34	14.30
46.37	14.30
46.39	14.32
46.42	14.37
46.44	14.38
46.47	14.39
46.49	14.44
46.52	14.45
46.54	14.45
46.56	14.49
46.59	14.53
46.61	14.52
46.64	14.55
46.66	14.60
46.69	14.60
46.71	14.61
46.73	14.66
46.76	14.67
46.78	14.67
46.81	14.72
46.83	14.75
46.86	14.74
46.88	14.77
46.91	14.82
46.93	14.81
46.95	14.83
46.98	14.88
47.00	14.89
47.03	14.90
47.05	14.94
47.08	14.96
47.10	14.96
47.13	15.00
47.15	15.03
47.17	15.03
47.20	15.05
47.22	15.10
47.25	15.09
47.27	15.10
47.30	15.15
47.32	15.16
47.35	15.16
47.37	15.21
47.39	15.23
47.42	15.22
47.44	15.25
47.47	15.28
47.49	15.28
47.52	15.30
47.54	15.35
47.57	15.34
47.59	15.35
47.61	15.39
47.64	15.41
47.66	15.40
47.69	15.44
47.71	15.47
47.74	15.46
47.76	15.49
47.78	15.53
47.81	15.53
47.83	15.54
47.86	15.58
47.88	15.60
47.91	15.59
47.93	15.64
47.96	15.66
47.98	15.64
48.00	15.68
48.03	15.71
48.05	15.70
48.08	15.72
48.10	15.76
48.13	15.77
48.15	15.77
48.18	15.81
48.20	15.82
48.22	15.82
48.25	15.85
48.27	15.88
48.30	15.87
48.32	15.89
48.35	15.93
48.37	15.92
48.40	15.92
48.42	15.96
48.44	15.96
48.47	15.95
48.49	15.98
48.52	16.00
48.54	15.98
48.57	16.00
48.59	16.03
48.62	16.01
48.64	16.01
48.66	16.05
48.69	16.03
48.71	16.02
48.74	16.05
48.76	16.05
48.79	16.02
48.81	16.04
48.84	16.05
48.86	16.02
48.88	16.02
48.91	16.03
48.93	16.00
48.96	15.99
48.98	16.01
49.01	15.98
49.03	15.96
49.05	15.97
49.08	15.96
49.10	15.92
49.13	15.92
49.15	15.92
49.18	15.88
49.20	15.85
49.23	15.85
49.25	15.82
49.27	15.79
49.30	15.79
49.32	15.76
49.35	15.71
49.37	15.71
49.40	15.69
49.42	15.64
49.45	15.62
49.47	15.61
49.49	15.56
49.52	15.52
49.54	15.52
49.57	15.48
49.59	15.43
49.62	15.43
49.64	15.40
49.67	15.34
49.69	15.31
49.71	15.30
49.74	15.24
49.76	15.21
49.79	15.20
49.81	15.15
49.84	15.10
49.86	15.09
49.89	15.05
49.91	14.98
49.93	14.97
49.96	14.94
49.98	14.88
50.01	14.85
50.03	14.82
50.06	14.76
50.08	14.71
50.10	14.70
50.13	14.65
50.15	14.59
50.18	14.57
50.20	14.53
50.23	14.46
50.25	14.44
50.28	14.41
50.30	14.34
50.32	14.29
50.35	14.28
50.37	14.21
50.40	14.15
50.42	14.13
50.45	14.09
50.47	14.02
50.50	13.99
50.52	13.95
50.54	13.88
50.57	13.84
50.59	13.81
50.62	13.74
50.64	13.68
50.67	13.66
50.69	13.60
50.72	13.54
50.74	13.51
50.76	13.46
50.79	13.39
50.81	13.35
50.84	13.31
50.86	13.23
50.89	13.18
50.91	13.15
50.94	13.08
50.96	13.02
50.98	12.99
51.01	12.93
51.03	12.85
51.06	12.82
51.08	12.78
51.11	12.69
51.13	12.64
51.15	12.60
51.18	12.52
51.20	12.46
51.23	12.43
51.25	12.37
51.28	12.30
51.30	12.27
51.33	12.21
51.35	12.13
51.37	12.08
51.40	12.04
51.42	11.96
51.45	11.90
51.47	11.88
51.50	11.80
51.52	11.73
51.55	11.71
51.57	11.64
51.59	11.56
51.62	11.52
51.64	11.48
51.67	11.40
51.69	11.35
51.72	11.32
51.74	11.24
51.77	11.18
51.79	11.16
51.81	11.09
51.84	11.01
51.86	10.99
51.89	10.93
51.91	10.86
51.94	10.81
51.96	10.77
51.99	10.70
52.01	10.64
52.03	10.61
52.06	10.54
52.08	10.48
52.11	10.45
52.13	10.38
52.16	10.30
52.18	10.28
52.20	10.23
52.23	10.15
52.25	10.11
52.28	10.08
52.30	9.99
52.33	9.93
52.35	9.90
52.38	9.83
52.40	9.76
52.42	9.74
52.45	9.68
52.47	9.60
52.50	9.57
52.52	9.53
52.55	9.45
52.57	9.39
52.60	9.37
52.62	9.29
52.64	9.23
52.67	9.21
52.69	9.15
52.72	9.07
52.74	9.04
52.77	9.00
52.79	8.92
52.82	8.87
52.84	8.84
52.86	8.76
52.89	8.71
52.91	8.69
52.94	8.62
52.96	8.56
52.99	8.53
53.01	8.49
53.04	8.41
53.06	8.38
53.08	8.34
53.11	8.26
53.13	8.21
53.16	8.19
53.18	8.12
53.21	8.07
53.23	8.04
53.26	7.98
53.28	7.91
53.30	7.88
53.33	7.84
53.35	7.77
53.38	7.73
53.40	7.70
53.43	7.62
53.45	7.57
53.47	7.55
53.50	7.49
53.52	7.42
53.55	7.40
53.57	7.35
53.60	7.27
53.62	7.23
53.65	7.20
53.67	7.13
53.69	7.08
53.72	7.06
53.74	6.99
53.77	6.92
53.79	6.90
53.82	6.85
53.84	6.78
53.87	6.76
53.89	6.72
53.91	6.64
53.94	6.63
53.96	6.58
53.99	6.50
54.01	6.48
54.04	6.46
54.06	6.36
54.09	6.33
54.11	6.33
54.13	6.25
54.16	6.19
54.18	6.19
54.21	6.13
54.23	6.06
54.26	6.05
54.28	6.02
54.31	5.93
54.33	5.91
54.35	5.90
54.38	5.81
54.40	5.78
54.43	5.79
54.45	5.72
54.48	5.66
54.50	5.67
54.52	5.62
54.55	5.55
54.57	5.55
54.60	5.51
54.62	5.47
54.65	5.46
54.67	5.44
54.70	5.38
54.72	5.38
54.74	5.36
54.77	5.31
54.79	5.30
54.82	5.31
54.84	5.27
54.87	5.24
54.89	5.26
54.92	5.25
54.94	5.21
54.96	5.23
54.99	5.23
55.01	5.20
55.04	5.21
55.06	5.23
55.09	5.21
55.11	5.21
55.14	5.24
55.16	5.23
55.18	5.23
55.21	5.27
55.23	5.28
55.26	5.27
55.28	5.30
55.31	5.34
55.33	5.33
55.36	5.35
55.38	5.39
55.40	5.40
55.43	5.41
55.45	5.46
55.48	5.47
55.50	5.47
55.53	5.52
55.55	5.56
55.57	5.56
55.60	5.60
55.62	5.64
55.65	5.65
55.67	5.67
55.70	5.73
55.72	5.74
55.75	5.75
55.77	5.81
55.79	5.84
55.82	5.84
55.84	5.88
55.87	5.93
55.89	5.93
55.92	5.96
55.94	6.02
55.97	6.02
55.99	6.03
56.01	6.09
56.04	6.12
56.06	6.12
56.09	6.17
56.11	6.20
56.14	6.20
56.16	6.24
56.19	6.28
56.21	6.28
56.23	6.30
56.26	6.35
56.28	6.37
56.31	6.38
56.33	6.43
56.36	6.46
56.38	6.45
56.41	6.50
56.43	6.54
56.45	6.53
56.48	6.56
56.50	6.61
56.53	6.62
56.55	6.64
56.58	6.70
56.60	6.72
56.62	6.72
56.65	6.78
56.67	6.82
56.70	6.82
56.72	6.86
56.75	6.92
56.77	6.93
56.80	6.96
56.82	7.03
56.84	7.07
56.87	7.10
56.89	7.17
56.92	7.21
56.94	7.23
56.97	7.29
56.99	7.35
57.02	7.37
57.04	7.43
57.06	7.51
57.09	7.54
57.11	7.58
57.14	7.67
57.16	7.72
57.19	7.75
57.21	7.83
57.24	7.90
57.26	7.93
57.28	8.00
57.31	8.08
57.33	8.11
57.36	8.17
57.38	8.27
57.41	8.31
57.43	8.36
57.46	8.45
57.48	8.51
57.50	8.55
57.53	8.62
57.55	8.70
57.58	8.74
57.60	8.79
57.63	8.89
57.65	8.93
57.68	8.99
57.70	9.08
57.72	9.14
57.75	9.18
57.77	9.27
57.80	9.35
57.82	9.38
57.85	9.46
57.87	9.54
57.89	9.58
57.92	9.63
57.94	9.73
57.97	9.79
57.99	9.84
58.02	9.94
58.04	10.01
58.07	10.04
58.09	10.12
58.11	10.20
58.14	10.24
58.16	10.31
58.19	10.41
58.21	10.45
58.24	10.51
58.26	10.63
58.29	10.69
58.31	10.73
58.33	10.83
58.36	10.90
58.38	10.93
58.41	11.01
58.43	11.10
58.46	11.15
58.48	11.22
58.51	11.32
58.53	11.38
58.55	11.43
58.58	11.54
58.60	11.60
58.63	11.64
58.65	11.73
58.68	11.81
58.70	11.85
58.73	11.93
58.75	12.03
58.77	12.09
58.80	12.15
58.82	12.26
58.85	12.33
58.87	12.38
58.90	12.48
58.92	12.56
58.94	12.60
58.97	12.70
58.99	12.80
59.02	12.85
59.04	12.92
59.07	13.03
59.09	13.09
59.12	13.16
59.14	13.27
59.16	13.35
59.19	13.40
59.21	13.50
59.24	13.59
59.26	13.64
59.29	13.74
59.31	13.84
59.34	13.90
59.36	13.97
59.38	14.08
59.41	14.16
59.43	14.22
59.46	14.33
59.48	14.42
59.51	14.47
59.53	14.56
59.56	14.66
59.58	14.72
59.60	14.80
59.63	14.91
59.65	14.98
59.68	15.05
59.70	15.16
59.73	15.25
59.75	15.30
59.78	15.40
59.80	15.49
59.82	15.54
59.85	15.63
59.87	15.74
59.90	15.81
59.92	15.89
59.95	16.00
59.97	16.08
59.99	16.15
60.02	16.26
60.04	16.34
60.07	16.40
60.09	16.50
60.12	16.60
60.14	16.66
60.17	16.74
60.19	16.86
60.21	16.94
60.24	17.01
60.26	17.12
60.29	17.21
60.31	17.27
60.34	17.37
60.36	17.47
60.39	17.53
60.41	17.63
60.43	17.74
60.46	17.81
60.48	17.89
60.51	18.01
60.53	18.09
60.56	18.16
60.58	18.28
60.61	18.37
60.63	18.43
60.65	18.53
60.68	18.63
60.70	18.70
60.73	18.78
60.75	18.91
60.78	18.98
60.80	19.06
60.83	19.18
60.85	19.28
60.87	19.34
60.90	19.46
60.92	19.56
60.95	19.62
60.97	19.72
61.00	19.84
61.02	19.91
61.05	19.99
61.07	20.11
61.09	20.20
61.12	20.27
61.14	20.40
61.17	20.50
61.19	20.56
61.22	20.67
61.24	20.77
61.26	20.84
61.29	20.93
61.31	21.06
61.34	21.14
61.36	21.23
61.39	21.35
61.41	21.45
61.44	21.51
61.46	21.62
61.48	21.73
61.51	21.79
61.53	21.90
61.56	22.02
61.58	22.09
61.61	22.18
61.63	22.31
61.66	22.40
61.68	22.48
61.70	22.60
61.73	22.70
61.75	22.77
61.78	22.87
61.80	22.98
61.83	23.05
61.85	23.15
61.88	23.28
61.90	23.37
61.92	23.46
61.95	23.58
61.97	23.68
62.00	23.75
62.02	23.86
62.05	23.97
62.07	24.04
62.10	24.15
62.12	24.28
62.14	24.36
62.17	24.46
62.19	24.59
62.22	24.68
62.24	24.76
62.27	24.89
62.29	25.00
62.31	25.07
62.34	25.19
62.36	25.31
62.39	25.39
62.41	25.49
62.44	25.63
62.46	25.72
62.49	25.81
62.51	25.95
62.53	26.05
62.56	26.14
62.58	26.26
62.61	26.38
62.63	26.46
62.66	26.57
62.68	26.71
62.71	26.79
62.73	26.90
62.75	27.03
62.78	27.13
62.80	27.21
62.83	27.35
62.85	27.47
62.88	27.55
62.90	27.67
62.93	27.80
62.95	27.88
62.97	27.98
63.00	28.11
63.02	28.21
63.05	28.31
63.07	28.45
63.10	28.55
63.12	28.64
63.15	28.76
63.17	28.88
63.19	28.96
63.22	29.07
63.24	29.21
63.27	29.29
63.29	29.39
63.32	29.53
63.34	29.63
63.36	29.72
63.39	29.86
63.41	29.98
63.44	30.06
63.46	30.19
63.49	30.31
63.51	30.39
63.54	30.50
63.56	30.64
63.58	30.74
63.61	30.83
63.63	30.98
63.66	31.10
63.68	31.19
63.71	31.32
63.73	31.44
63.76	31.52
63.78	31.64
63.80	31.79
63.83	31.88
63.85	31.99
63.88	32.14
63.90	32.24
63.93	32.34
63.95	32.48
63.98	32.61
64.00	32.70
64.02	32.82
64.05	32.96
64.07	33.04
64.10	33.16
64.12	33.31
64.15	33.41
64.17	33.52
64.20	33.67
64.22	33.79
64.24	33.88
64.27	34.03
64.29	34.16
64.32	34.25
64.34	34.38
64.37	34.53
64.39	34.63
64.41	34.74
64.44	34.90
64.46	35.02
64.49	35.12
64.51	35.27
64.54	35.41
64.56	35.50
64.59	35.64
64.61	35.78
64.63	35.88
64.66	35.99
64.68	36.15
64.71	36.25
64.73	36.37
64.76	36.53
64.78	36.65
64.81	36.74
64.83	36.89
64.85	37.03
64.88	37.12
64.90	37.24
64.93	37.38
64.95	37.48
64.98	37.60
65.00	37.75
65.03	37.87
65.05	37.97
65.07	38.13
65.10	38.26
65.12	38.35
65.15	38.49
65.17	38.62
65.20	38.68
65.22	38.79
65.25	38.94
65.27	39.05
65.29	39.15
65.32	39.30
65.34	39.41
65.37	39.50
65.39	39.63
65.42	39.75
65.44	39.83
65.47	39.95
65.49	40.08
65.51	40.16
65.54	40.26
65.56	40.40
65.59	40.51
65.61	40.60
65.64	40.73
65.66	40.83
65.68	40.90
65.71	41.02
65.73	41.13
65.76	41.20
65.78	41.30
65.81	41.42
65.83	41.51
65.86	41.61
65.88	41.74
65.90	41.84
65.93	41.90
65.95	42.02
65.98	42.12
66.00	42.18
66.03	42.27
66.05	42.38
66.08	42.45
66.10	42.53
66.12	42.65
66.15	42.72
66.17	42.78
66.20	42.90
66.22	42.99
66.25	43.05
66.27	43.14
66.30	43.24
66.32	43.28
66.34	43.36
66.37	43.47
66.39	43.53
66.42	43.59
66.44	43.70
66.47	43.77
66.49	43.82
66.52	43.92
66.54	44.01
66.56	44.05
66.59	44.13
66.61	44.23
66.64	44.28
66.66	44.34
66.69	44.45
66.71	44.52
66.73	44.56
66.76	44.67
66.78	44.75
66.81	44.80
66.83	44.89
66.86	44.98
66.88	45.01
66.91	45.08
66.93	45.18
66.95	45.23
66.98	45.29
67.00	45.39
67.03	45.46
67.05	45.49
67.08	45.58
67.10	45.66
67.13	45.69
67.15	45.76
67.17	45.84
67.20	45.89
67.22	45.94
67.25	46.03
67.27	46.08
67.30	46.11
67.32	46.20
67.35	46.27
67.37	46.30
67.39	46.37
67.42	46.44
67.44	46.46
67.47	46.50
67.49	46.58
67.52	46.62
67.54	46.65
67.57	46.73
67.59	46.77
67.61	46.79
67.64	46.85
67.66	46.90
67.69	46.92
67.71	46.97
67.74	47.03
67.76	47.04
67.78	47.07
67.81	47.14
67.83	47.17
67.86	47.18
67.88	47.25
67.91	47.30
67.93	47.30
67.96	47.34
67.98	47.40
68.00	47.40
68.03	47.42
68.05	47.48
68.08	47.49
68.10	47.50
68.13	47.56
68.15	47.59
68.18	47.59
68.20	47.64
68.22	47.68
68.25	47.68
68.27	47.70
68.30	47.76
68.32	47.76
68.35	47.78
68.37	47.84
68.40	47.85
68.42	47.86
68.44	47.91
68.47	47.94
68.49	47.93
68.52	47.97
68.54	48.01
68.57	47.99
68.59	48.01
68.62	48.06
68.64	48.06
68.66	48.06
68.69	48.12
68.71	48.14
68.74	48.12
68.76	48.16
68.79	48.20
68.81	48.18
68.83	48.20
68.86	48.25
68.88	48.24
68.91	48.24
68.93	48.29
68.96	48.29
68.98	48.28
69.01	48.32
69.03	48.35
69.05	48.33
69.08	48.34
69.10	48.38
69.13	48.37
69.15	48.38
69.18	48.42
69.20	48.41
69.23	48.40
69.25	48.44
69.27	48.45
69.30	48.42
69.32	48.46
69.35	48.48
69.37	48.45
69.40	48.46
69.42	48.50
69.45	48.48
69.47	48.48
69.49	48.51
69.52	48.50
69.54	48.48
69.57	48.51
69.59	48.52
69.62	48.49
69.64	48.51
69.67	48.53
69.69	48.49
69.71	48.48
69.74	48.51
69.76	48.49
69.79	48.46
69.81	48.48
69.84	48.47
69.86	48.44
69.89	48.45
69.91	48.46
69.93	48.42
69.96	48.42
69.98	48.45
70.01	48.41
70.03	48.39
70.06	48.41
70.08	48.38
70.10	48.35
70.13	48.37
70.15	48.36
70.18	48.32
70.20	48.32
70.23	48.32
70.25	48.28
70.28	48.27
70.30	48.28
70.32	48.25
70.35	48.22
70.37	48.23
70.40	48.22
70.42	48.16
70.45	48.17
70.47	48.17
70.50	48.12
70.52	48.10
70.54	48.11
70.57	48.07
70.59	48.03
70.62	48.04
70.64	48.01
70.67	47.96
70.69	47.97
70.72	47.95
70.74	47.90
70.76	47.89
70.79	47.89
70.81	47.85
70.84	47.82
70.86	47.85
70.89	47.81
70.91	47.77
70.94	47.78
70.96	47.76
70.98	47.71
71.01	47.71
71.03	47.70
71.06	47.66
71.08	47.66
71.11	47.67
71.13	47.64
71.15	47.61
71.18	47.64
71.20	47.62
71.23	47.59
71.25	47.62
71.28	47.63
71.30	47.59
71.33	47.60
71.35	47.63
71.37	47.61
71.40	47.61
71.42	47.65
71.45	47.64
71.47	47.63
71.50	47.69
71.52	47.70
71.55	47.69
71.57	47.76
71.59	47.81
71.62	47.81
71.64	47.86
71.67	47.93
71.69	47.95
71.72	47.99
71.74	48.08
71.77	48.13
71.79	48.16
71.81	48.26
71.84	48.33
71.86	48.38
71.89	48.48
71.91	48.56
71.94	48.61
71.96	48.69
71.99	48.79
72.01	48.85
72.03	48.92
72.06	49.03
72.08	49.08
72.11	49.15
72.13	49.24
72.16	49.30
72.18	49.35
72.20	49.44
72.23	49.50
72.25	49.53
72.28	49.59
72.30	49.65
72.33	49.68
72.35	49.73
72.38	49.79
72.40	49.82
72.42	49.83
72.45	49.88
72.47	49.90
72.50	49.90
72.52	49.93
72.55	49.95
72.57	49.95
72.60	49.96
72.62	49.98
72.64	49.98
72.67	49.98
72.69	49.99
72.72	49.99
72.74	49.99
72.77	49.99
72.79	49.99
72.82	49.99
72.84	49.99
72.86	49.99
72.89	49.99
72.91	49.99
72.94	49.99
72.96	49.99
72.99	49.99
73.01	49.99
73.04	49.99
73.06	49.99
73.08	49.99
73.11	49.99
73.13	49.99
73.16	49.99
73.18	49.99
73.21	49.99
73.23	49.99
73.25	49.99
73.28	49.99
73.30	49.99
73.33	49.99
73.35	49.99
73.38	49.99
73.40	49.99
73.43	49.99
73.45	49.99
73.47	49.99
73.50	49.99
73.52	49.99
73.55	49.99
73.57	49.99
73.60	49.99
73.62	49.99
73.65	49.99
73.67	49.99
73.69	49.99
73.72	49.99
73.74	49.99
73.77	49.99
73.79	49.99
73.82	49.99
73.84	49.99
73.87	49.99
73.89	49.99
73.91	49.99
73.94	49.99
73.96	49.99
73.99	49.99
74.01	49.99
74.04	49.99
74.06	49.99
74.09	49.99
74.11	49.99
74.13	49.99
74.16	49.99
74.18	49.99
74.21	49.99
74.23	49.99
74.26	49.99
74.28	49.99
74.31	49.99
74.33	49.99
74.35	49.99
74.38	49.99
74.40	49.99
74.43	49.99
74.45	49.99
74.48	49.99
74.50	49.99
74.52	49.99
74.55	49.99
74.57	49.99
74.60	49.99
74.62	49.99
74.65	49.99
74.67	49.99
74.70	49.99
74.72	49.99
74.74	49.99
74.77	49.99
74.79	49.99
74.82	49.99
74.84	49.99
74.87	49.99
74.89	49.99
74.92	49.99
74.94	49.99
74.96	49.99
74.99	49.99
75.01	49.99
75.04	49.99
75.06	49.99
75.09	49.99
75.11	49.99
75.14	49.99
75.16	49.99
75.18	49.99
75.21	49.99
75.23	49.99
75.26	49.99
75.28	49.99
75.31	49.99
75.33	49.99
75.36	49.99
75.38	49.99
75.40	49.99
75.43	49.99
75.45	49.99
75.48	49.99
75.50	49.99
75.53	49.99
75.55	49.99
75.57	49.99
75.60	49.99
75.62	49.99
75.65	49.99
75.67	49.99
75.70	49.99
75.72	49.99
75.75	49.99
75.77	49.99
75.79	49.99
75.82	49.99
75.84	49.99
75.87	49.99
75.89	49.99
75.92	49.99
75.94	49.99
75.97	49.99
75.99	49.99
76.01	49.99
76.04	49.99
76.06	49.99
76.09	49.99
76.11	49.99
76.14	49.99
76.16	49.99
76.19	49.99
76.21	49.99
76.23	49.99
76.26	49.99
76.28	49.99
76.31	49.99
76.33	49.99
76.36	49.99
76.38	49.99
76.41	49.99
76.43	49.99
76.45	49.99
76.48	49.99
76.50	49.99
76.53	49.99
76.55	49.99
76.58	49.99
76.60	49.99
76.62	49.99
76.65	49.99
76.67	49.99
76.70	49.99
76.72	49.99
76.75	49.99
76.77	49.99
76.80	49.99
76.82	49.99
76.84	49.99
76.87	49.99
76.89	49.99
76.92	49.99
76.94	49.99
76.97	49.99
76.99	49.99
77.02	49.99
77.04	49.99
77.06	49.99
77.09	49.99
77.11	49.99
77.14	49.99
77.16	49.99
77.19	49.99
77.21	49.99
77.24	49.99
77.26	49.99
77.28	49.99
77.31	49.99
77.33	49.99
77.36	49.99
77.38	49.99
77.41	49.99
77.43	49.99
77.46	49.99
77.48	49.99
77.50	49.99
77.53	49.99
77.55	49.99
77.58	49.99
77.60	49.99
77.63	49.99
77.65	49.99
77.68	49.99
77.70	49.99
77.72	49.99
77.75	49.99
77.77	49.99
77.80	49.99
77.82	49.99
77.85	49.99
77.87	49.99
77.89	49.99
77.92	49.99
77.94	49.99
77.97	49.99
77.99	49.99
78.02	49.99
78.04	49.99
78.07	49.99
78.09	49.99
78.11	49.99
78.14	49.99
78.16	49.99
78.19	49.99
78.21	49.99
78.24	49.99
78.26	49.99
78.29	49.99
78.31	49.99
78.33	49.99
78.36	49.99
78.38	49.99
78.41	49.99
78.43	49.99
78.46	49.99
78.48	49.99
78.51	49.99
78.53	49.99
78.55	49.99
78.58	49.99
78.60	49.99
78.63	49.99
78.65	49.99
78.68	49.99
78.70	49.99
78.73	49.99
78.75	49.99
78.77	49.99
78.80	49.99
78.82	49.99
78.85	49.99
78.87	49.99
78.90	49.99
78.92	49.99
78.94	49.99
78.97	49.99
78.99	49.99
79.02	49.99
79.04	49.99
79.07	49.99
79.09	49.99
79.12	49.99
79.14	49.99
79.16	49.99
79.19	49.99
79.21	49.99
79.24	49.99
79.26	49.99
79.29	49.99
79.31	49.99
79.34	49.99
79.36	49.99
79.38	49.99
79.41	49.99
79.43	49.99
79.46	49.99
79.48	49.99
79.51	49.99
79.53	49.99
79.56	49.99
79.58	49.99
79.60	49.99
79.63	49.99
79.65	49.99
79.68	49.99
79.70	49.99
79.73	49.99
79.75	49.99
79.78	49.99
79.80	49.99
79.82	49.99
79.85	49.99
79.87	49.99
79.90	49.99
79.92	49.99
79.95	49.99
79.97	49.99
79.99	49.99
80.02	49.99
80.04	49.99
80.07	49.99
80.09	49.99
80.12	49.99
80.14	49.99
80.17	49.99
80.19	49.99
80.21	49.99
80.24	49.99
80.26	49.99
80.29	49.99
80.31	49.99
80.34	49.99
80.36	49.99
80.39	49.99
80.41	49.99
80.43	49.99
80.46	49.99
80.48	49.99
80.51	49.99
80.53	49.99
80.56	49.99
80.58	49.99
80.61	49.99
80.63	49.99
80.65	49.99
80.68	49.99
80.70	49.99
80.73	49.99
80.75	49.99
80.78	49.99
80.80	49.99
80.83	49.99
80.85	49.99
80.87	49.99
80.90	49.99
80.92	49.99
80.95	49.99
80.97	49.99
81.00	49.99
81.02	49.99
81.04	49.99
81.07	49.99
81.09	49.99
81.12	49.99
81.14	49.99
81.17	49.99
81.19	49.99
81.22	49.99
81.24	49.99
81.26	49.99
81.29	49.99
81.31	49.99
81.34	49.99
81.36	49.99
81.39	49.99
81.41	49.99
81.44	49.99
81.46	49.99
81.48	49.99
81.51	49.99
81.53	49.99
81.56	49.99
81.58	49.99
81.61	49.99
81.63	49.99
81.66	49.99
81.68	49.99
81.70	49.99
81.73	49.99
81.75	49.99
81.78	49.99
81.80	49.99
81.83	49.99
81.85	49.99
81.88	49.99
81.90	49.99
81.92	49.99
81.95	49.99
81.97	49.99
82.00	49.99
82.02	49.99
82.05	49.99
82.07	49.99
82.10	49.99
82.12	49.99
82.14	49.99
82.17	49.99
82.19	49.99
82.22	49.99
82.24	49.99
82.27	49.99
82.29	49.99
82.31	49.99
82.34	49.99
82.36	49.99
82.39	49.99
82.41	49.99
82.44	49.99
82.46	49.99
82.49	49.99
82.51	49.99
82.53	49.99
82.56	49.99
82.58	49.99
82.61	49.99
82.63	49.99
82.66	49.99
82.68	49.99
82.71	49.99
82.73	49.99
82.75	49.99
82.78	49.99
82.80	49.99
82.83	49.99
82.85	49.99
82.88	49.99
82.90	49.99
82.93	49.99
82.95	49.99
82.97	49.99
83.00	49.99
83.02	49.99
83.05	49.99
83.07	49.99
83.10	49.99
83.12	49.99
83.15	49.99
83.17	49.99
83.19	49.99
83.22	49.99
83.24	49.99
83.27	49.99
83.29	49.99
83.32	49.99
83.34	49.99
83.36	49.99
83.39	49.99
83.41	49.99
83.44	49.99
83.46	49.99
83.49	49.99
83.51	49.99
83.54	49.99
83.56	49.99
83.58	49.99
83.61	49.99
83.63	49.99
83.66	49.99
83.68	49.99
83.71	49.99
83.73	49.99
83.76	49.99
83.78	49.99
83.80	49.99
83.83	49.99
83.85	49.99
83.88	49.99
83.90	49.99
83.93	49.99
83.95	49.99
83.98	49.99
84.00	49.99
84.02	49.99
84.05	49.99
84.07	49.99
84.10	49.99
84.12	49.99
84.15	49.99
84.17	49.99
84.20	49.99
84.22	49.99
84.24	49.99
84.27	49.99
84.29	49.99
84.32	49.99
84.34	49.99
84.37	49.99
84.39	49.99
84.41	49.99
84.44	49.99
84.46	49.99
84.49	49.99
84.51	49.99
84.54	49.99
84.56	49.99
84.59	49.99
84.61	49.99
84.63	49.99
84.66	49.99
84.68	49.99
84.71	49.99
84.73	49.99
84.76	49.99
84.78	49.99
84.81	49.99
84.83	49.99
84.85	49.99
84.88	49.99
84.90	49.99
84.93	49.99
84.95	49.99
84.98	49.99
85.00	49.99
85.03	49.99
85.05	49.99
85.07	49.99
85.10	49.99
85.12	49.99
85.15	49.99
85.17	49.99
85.20	49.99
85.22	49.99
85.25	49.99
85.27	49.99
85.29	49.99
85.32	49.99
85.34	49.99
85.37	49.99
85.39	49.99
85.42	49.99
85.44	49.99
85.47	49.99
85.49	49.99
85.51	49.99
85.54	49.99
85.56	49.99
85.59	49.99
85.61	49.99
85.64	49.99
85.66	49.99
85.68	49.99
85.71	49.99
85.73	49.99
85.76	49.99
85.78	49.99
85.81	49.99
85.83	49.99
85.86	49.99
85.88	49.99
85.90	49.99
85.93	49.99
85.95	49.99
85.98	49.99
86.00	49.99
86.03	49.99
86.05	49.99
86.08	49.99
86.10	49.99
86.12	49.99
86.15	49.99
86.17	49.99
86.20	49.99
86.22	49.99
86.25	49.99
86.27	49.99
86.30	49.99
86.32	49.99
86.34	49.99
86.37	49.99
86.39	49.99
86.42	49.99
86.44	49.99
86.47	49.99
86.49	49.99
86.52	49.99
86.54	49.99
86.56	49.99
86.59	49.99
86.61	49.99
86.64	49.99
86.66	49.99
86.69	49.99
86.71	49.99
86.73	49.99
86.76	49.99
86.78	49.99
86.81	49.99
86.83	49.99
86.86	49.99
86.88	49.99
86.91	49.99
86.93	49.99
86.95	49.99
86.98	49.99
87.00	49.99
87.03	49.99
87.05	49.99
87.08	49.99
87.10	49.99
87.13	49.99
87.15	49.99
87.17	49.99
87.20	49.99
87.22	49.99
87.25	49.99
87.27	49.99
87.30	49.99
87.32	49.99
87.35	49.99
87.37	49.99
87.39	49.99
87.42	49.99
87.44	49.99
87.47	49.99
87.49	49.99
87.52	49.99
87.54	49.99
87.57	49.99
87.59	49.99
87.61	49.99
87.64	49.99
87.66	49.99
87.69	49.99
87.71	49.99
87.74	49.99
87.76	49.99
87.78	49.99
87.81	49.99
87.83	49.99
87.86	49.99
87.88	49.99
87.91	49.99
87.93	49.99
87.96	49.99
87.98	49.99
88.00	49.99
88.03	49.99
88.05	49.99
88.08	49.99
88.10	49.99
88.13	49.99
88.15	49.99
88.18	49.99
88.20	49.99
88.22	49.99
88.25	49.99
88.27	49.99
88.30	49.99
88.32	49.99
88.35	49.99
88.37	49.99
88.40	49.99
88.42	49.99
88.44	49.99
88.47	49.99
88.49	49.99
88.52	49.99
88.54	49.99
88.57	49.99
88.59	49.99
88.62	49.99
88.64	49.99
88.66	49.99
88.69	49.99
88.71	49.99
88.74	49.99
88.76	49.99
88.79	49.99
88.81	49.99
88.83	49.99
88.86	49.99
88.88	49.99
88.91	49.99
88.93	49.99
88.96	49.99
88.98	49.99
89.01	49.99
89.03	49.99
89.05	49.99
89.08	49.99
89.10	49.99
89.13	49.99
89.15	49.99
89.18	49.99
89.20	49.99
89.23	49.99
89.25	49.99
89.27	49.99
89.30	49.99
89.32	49.99
89.35	49.99
89.37	49.99
89.40	49.99
89.42	49.99
89.45	49.99
89.47	49.99
89.49	49.99
89.52	49.99
89.54	49.99
89.57	49.99
89.59	49.99
89.62	49.99
89.64	49.99
89.67	49.99
89.69	49.99
89.71	49.99
89.74	49.99
89.76	49.99
89.79	49.99
89.81	49.99
89.84	49.99
89.86	49.99
89.89	49.99
89.91	49.99
89.93	49.99
89.96	49.99
89.98	49.99
90.01	49.99
90.03	49.99
90.06	49.99
90.08	49.99
90.10	49.99
90.13	49.99
90.15	49.99
90.18	49.99
90.20	49.99
90.23	49.99
90.25	49.99
90.28	49.99
90.30	49.99
90.32	49.99
90.35	49.99
90.37	49.99
90.40	49.99
90.42	49.99
90.45	49.99
90.47	49.99
90.50	49.99
90.52	49.99
90.54	49.99
90.57	49.99
90.59	49.99
90.62	49.99
90.64	49.99
90.67	49.99
90.69	49.99
90.72	49.99
90.74	49.99
90.76	49.99
90.79	49.99
90.81	49.99
90.84	49.99
90.86	49.99
90.89	49.99
90.91	49.99
90.94	49.99
90.96	49.99
90.98	49.99
91.01	49.99
91.03	49.99
91.06	49.99
91.08	49.99
91.11	49.99
91.13	49.99
91.15	49.99
91.18	49.99
91.20	49.99
91.23	49.99
91.25	49.99
91.28	49.99
91.30	49.99
91.33	49.99
91.35	49.99
91.37	49.99
91.40	49.99
91.42	49.99
91.45	49.99
91.47	49.99
91.50	49.99
91.52	49.99
91.55	49.99
91.57	49.99
91.59	49.99
91.62	49.99
91.64	49.99
91.67	49.99
91.69	49.99
91.72	49.99
91.74	49.99
91.77	49.99
91.79	49.99
91.81	49.99
91.84	49.99
91.86	49.99
91.89	49.99
91.91	49.99
91.94	49.99
91.96	49.99
91.99	49.99
92.01	49.99
92.03	49.99
92.06	49.99
92.08	49.99
92.11	49.99
92.13	49.99
92.16	49.99
92.18	49.99
92.20	49.99
92.23	49.99
92.25	49.99
92.28	49.99
92.30	49.99
92.33	49.99
92.35	49.99
92.38	49.99
92.40	49.99
92.42	49.99
92.45	49.99
92.47	49.99
92.50	49.99
92.52	49.99
92.55	49.99
92.57	49.99
92.60	49.99
92.62	49.99
92.64	49.99
92.67	49.99
92.69	49.99
92.72	49.99
92.74	49.99
92.77	49.99
92.79	49.99
92.82	49.99
92.84	49.99
92.86	49.99
92.89	49.99
92.91	49.99
92.94	49.99
92.96	49.99
92.99	49.99
93.01	49.99
93.04	49.99
93.06	49.99
93.08	49.99
93.11	49.99
93.13	49.99
93.16	49.99
93.18	49.99
93.21	49.99
93.23	49.99
93.25	49.99
93.28	49.99
93.30	49.99
93.33	49.99
93.35	49.99
93.38	49.99
93.40	49.99
93.43	49.99
93.45	49.99
93.47	49.99
93.50	49.99
93.52	49.99
93.55	49.99
93.57	49.99
93.60	49.99
93.62	49.99
93.65	49.99
93.67	49.99
93.69	49.99
93.72	49.99
93.74	49.99
93.77	49.99
93.79	49.99
93.82	49.99
93.84	49.99
93.87	49.99
93.89	49.99
93.91	49.99
93.94	49.99
93.96	49.99
93.99	49.99
94.01	49.99
94.04	49.99
94.06	49.99
94.09	49.99
94.11	49.99
94.13	49.99
94.16	49.99
94.18	49.99
94.21	49.99
94.23	49.99
94.26	49.99
94.28	49.99
94.31	49.99
94.33	49.99
94.35	49.99
94.38	49.99
94.40	49.99
94.43	49.99
94.45	49.99
94.48	49.99
94.50	49.99
94.52	49.99
94.55	49.99
94.57	49.99
94.60	49.99
94.62	49.99
94.65	49.99
94.67	49.99
94.70	49.99
94.72	49.99
94.74	49.99
94.77	49.99
94.79	49.99
94.82	49.99
94.84	49.99
94.87	49.99
94.89	49.99
94.92	49.99
94.94	49.99
94.96	49.99
94.99	49.99
95.01	49.99
95.04	49.99
95.06	49.99
95.09	49.99
95.11	49.99
95.14	49.99
95.16	49.99
95.18	49.99
95.21	49.99
95.23	49.99
95.26	49.99
95.28	49.99
95.31	49.99
95.33	49.99
95.36	49.99
95.38	49.99
95.40	49.99
95.43	49.99
95.45	49.99
95.48	49.99
95.50	49.99
95.53	49.99
95.55	49.99
95.57	49.99
95.60	49.99
95.62	49.99
95.65	49.99
95.67	49.99
95.70	49.99
95.72	49.99
95.75	49.99
95.77	49.99
95.79	49.99
95.82	49.99
95.84	49.99
95.87	49.99
95.89	49.99
95.92	49.99
95.94	49.99
95.97	49.99
95.99	49.99
96.01	49.99
96.04	49.99
96.06	49.99
96.09	49.99
96.11	49.99
96.14	49.99
96.16	49.99
96.19	49.99
96.21	49.99
96.23	49.99
96.26	49.99
96.28	49.99
96.31	49.99
96.33	49.99
96.36	49.99
96.38	49.99
96.41	49.99
96.43	49.99
96.45	49.99
96.48	49.99
96.50	49.99
96.53	49.99
96.55	49.99
96.58	49.99
96.60	49.99
96.62	49.99
96.65	49.99
96.67	49.99
96.70	49.99
96.72	49.99
96.75	49.99
96.77	49.99
96.80	49.99
96.82	49.99
96.84	49.99
96.87	49.99
96.89	49.99
96.92	49.99
96.94	49.99
96.97	49.99
96.99	49.99
97.02	49.99
97.04	49.99
97.06	49.99
97.09	49.99
97.11	49.99
97.14	49.99
97.16	49.99
97.19	49.99
97.21	49.99
97.24	49.99
97.26	49.99
97.28	49.99
97.31	49.99
97.33	49.99
97.36	49.99
97.38	49.99
97.41	49.99
97.43	49.99
97.46	49.99
97.48	49.99
97.50	49.99
97.53	49.99
97.55	49.99
97.58	49.99
97.60	49.99
97.63	49.99
97.65	49.99
97.68	49.99
97.70	49.99
97.72	49.99
97.75	49.99
97.77	49.99
97.80	49.99
97.82	49.99
97.85	49.99
97.87	49.99
97.89	49.99
97.92	49.99
97.94	49.99
97.97	49.99
97.99	49.99
98.02	49.99
98.04	49.99
98.07	49.99
98.09	49.99
98.11	49.99
98.14	49.99
98.16	49.99
98.19	49.99
98.21	49.99
98.24	49.99
98.26	49.99
98.29	49.99
98.31	49.99
98.33	49.99
98.36	49.99
98.38	49.99
98.41	49.99
98.43	49.99
98.46	49.99
98.48	49.99
98.51	49.99
98.53	49.99
98.55	49.99
98.58	49.99
98.60	49.99
98.63	49.99
98.65	49.99
98.68	49.99
98.70	49.99
98.73	49.99
98.75	49.99
98.77	49.99
98.80	49.99
98.82	49.99
98.85	49.99
98.87	49.99
98.90	49.99
98.92	49.99
98.94	49.99
98.97	49.99
98.99	49.99
99.02	49.99
99.04	49.99
99.07	49.99
99.09	49.99
99.12	49.99
99.14	49.99
99.16	49.99
99.19	49.99
99.21	49.99
99.24	49.99
99.26	49.99
99.29	49.99
99.31	49.99
99.34	49.99
99.36	49.99
99.38	49.99
99.41	49.99
99.43	49.99
99.46	49.99
99.48	49.99
99.51	49.99
99.53	49.99
99.56	49.99
99.58	49.99
99.60	49.99
99.63	49.99
99.65	49.99
99.68	49.99
99.70	49.99
99.73	49.99
99.75	49.99
99.78	49.99
99.80	49.99
99.82	49.99
99.85	49.99
99.87	49.99
99.90	49.99
